2f	3f	6f	4f	15f	8f	16f	9f	17f	10f	18f	11f	12f	13f	14f
seq1	7312	0	0	0	0	2825	4381	10510	3510	4438	119	4	1964	6776	3810
seq2	0	0	0	3896	0	0	7	0	12	0	0	0	0	0	0
seq3	3543	183	1614	0	2945	0	6695	3970	444	780	36	1816	75	3624	4312
seq4	249	2373	1509	0	0	0	5717	784	802	319	0	2647	1790	1877	3067
seq5	0	0	0	882	4	0	0	0	65	0	0	0	0	0	0
seq6	4758	0	0	0	0	0	0	0	0	5343	0	0	3178	5038	7781
seq7	0	0	0	2951	0	0	0	0	0	0	0	0	0	0	0
seq8	0	680	0	0	650	1812	4989	2416	1873	0	0	3716	610	5	835
seq9	0	0	0	1068	0	0	0	0	83	0	0	0	0	0	0
seq10	0	0	0	393	0	0	0	0	95	0	0	0	0	0	0
seq11	0	425	6237	0	4364	1469	3016	380	1368	0	0	0	0	0	0
seq12	0	0	0	31	0	0	3	0	9	0	0	0	0	0	0
seq13	0	0	0	115	0	0	0	48	0	0	0	2	0	0	0
seq14	1086	0	0	0	1840	453	0	4074	0	5863	0	0	118	0	0
seq15	731	2043	434	0	635	2837	1793	650	466	36	207	3667	50	144	117
seq16	0	0	0	192	5	0	0	0	9	0	0	0	0	0	0
seq17	0	0	0	266	0	0	0	0	19	0	0	0	0	0	0
seq18	59	0	0	0	3911	907	456	1981	0	0	0	94	827	1002	0
seq19	0	239	6	0	0	0	0	731	831	63	3167	2789	256	712	25
seq20	0	0	0	941	0	0	0	0	0	0	0	3	0	0	0
seq21	0	0	0	96	0	0	0	0	15	0	0	0	0	0	0
seq22	0	0	0	0	0	0	0	0	0	747	0	2134	1291	2602	1759
seq23	0	0	0	218	0	0	0	0	0	0	0	0	0	0	0
seq24	0	495	1853	0	0	0	0	458	1129	491	15	0	4402	271	23
seq25	0	0	0	177	0	0	0	0	10	0	0	0	0	0	0
seq26	0	0	0	0	0	0	0	0	0	9934	2	0	0	0	0
seq27	0	47	0	0	0	6467	0	34	172	0	3942	0	0	0	0
seq28	0	0	7685	0	0	0	0	0	0	0	0	0	0	0	0
seq29	0	235	0	0	0	0	0	43	838	0	3421	1808	422	90	11
seq30	27	104	23	0	2529	0	700	417	852	40	289	477	332	526	334
seq31	0	0	0	20	0	0	0	0	0	0	0	0	0	0	0
seq32	0	0	0	0	0	0	880	0	0	0	0	150	1709	2165	1941
seq33	0	0	0	215	0	0	0	0	0	0	0	0	0	0	0
seq34	136	674	686	0	594	1145	369	1237	353	19	97	1013	23	121	136
seq35	0	0	0	175	0	0	0	0	7	0	0	0	0	0	0
seq36	886	0	0	0	0	0	0	0	0	0	0	0	4037	0	2169
seq37	7031	0	0	0	0	0	0	0	0	0	0	0	0	0	0
seq38	0	0	0	167	0	0	0	0	9	0	0	0	0	0	0
seq39	0	0	0	311	0	0	0	0	0	0	0	0	0	0	0
seq40	0	0	0	29	0	0	0	0	13	0	0	0	0	0	0
seq41	0	0	0	352	0	0	0	0	8	0	0	0	0	0	0
seq42	18	3593	0	0	0	914	0	6	0	0	24	1715	7	0	0
seq43	0	0	0	846	0	0	0	0	0	0	0	0	0	0	0
seq44	0	0	0	48	0	0	0	0	0	0	0	0	0	0	0
seq45	739	2938	474	0	0	0	0	0	116	0	0	0	97	1094	0
seq46	0	0	0	582	0	0	0	0	61	0	0	0	0	0	0
seq47	0	3635	0	0	0	0	0	0	2707	0	0	0	0	0	0
seq48	0	0	0	95	0	0	0	0	20	0	0	0	0	0	0
seq49	0	0	0	146	0	0	0	0	0	0	0	0	0	0	0
seq50	0	0	0	280	0	0	0	0	0	0	0	0	0	0	0
seq51	0	0	0	0	2994	1249	250	0	173	83	112	45	0	0	0
seq52	0	0	0	477	6	0	0	0	0	0	0	0	0	0	0
seq53	0	732	0	0	0	0	0	150	0	504	0	0	0	1988	1211
seq54	189	0	4188	0	0	0	0	0	0	0	9	0	0	0	0
seq55	0	0	0	792	0	0	0	0	0	0	0	0	0	0	0
seq56	116	2433	17	0	120	24	25	82	0	7	31	970	24	150	0
seq57	0	0	0	0	0	0	0	0	0	0	0	0	4330	0	0
seq58	0	0	0	523	0	0	0	0	0	0	0	0	0	0	0
seq59	0	0	0	906	0	0	0	0	0	0	0	0	0	0	0
seq60	0	0	0	91	0	0	0	0	4	0	0	0	0	0	0
seq61	0	0	54	0	0	0	0	291	1436	82	1844	0	0	29	0
seq63	0	0	1789	0	0	0	0	0	0	828	21	0	1135	0	0
seq65	0	0	0	29	0	0	0	0	0	0	0	0	0	0	0
seq66	0	0	0	0	0	0	0	165	581	62	1531	521	0	257	0
seq67	172	111	96	0	590	0	0	151	279	16	262	483	177	582	166
seq68	0	0	0	0	0	0	0	0	864	0	1112	592	0	457	82
seq69	0	0	0	0	0	0	0	38	352	0	2589	0	0	0	0
seq70	0	0	0	101	0	0	0	0	0	0	0	0	0	0	0
seq72	0	0	0	57	0	0	0	0	0	0	0	0	0	0	0
seq73	0	0	0	457	0	0	0	0	0	0	0	0	0	0	0
seq74	0	0	0	455	0	0	0	0	0	0	0	0	0	0	0
seq75	0	0	0	53	0	0	0	1953	0	0	0	0	6	0	0
seq76	0	0	0	30	0	0	0	0	4	0	0	0	0	0	0
seq77	0	0	0	41	0	0	0	0	0	0	0	0	0	0	0
seq78	0	0	0	81	0	0	0	0	0	0	0	0	0	0	0
seq79	0	0	0	43	0	0	0	0	0	0	0	0	0	0	0
seq80	0	0	0	0	0	0	0	0	366	0	2284	0	0	0	0
seq81	0	0	0	70	0	0	0	0	0	0	0	0	0	0	0
seq82	0	0	0	0	1827	0	0	0	0	0	20	0	424	0	189
seq83	594	0	467	0	0	73	0	610	212	196	3	0	137	239	210
seq84	0	0	0	46	0	0	0	0	0	0	0	0	0	0	0
seq85	0	0	0	145	0	0	0	0	18	0	0	0	0	0	0
seq86	0	0	0	146	0	0	0	0	0	0	0	0	0	0	0
seq87	0	0	0	159	0	0	0	0	5	0	0	0	0	0	0
seq88	0	0	0	27	0	0	0	0	0	0	0	0	0	0	0
seq89	0	0	435	0	1401	0	10	0	12	0	0	397	0	0	0
seq90	0	0	0	26	0	0	0	0	0	0	0	0	0	0	0
seq91	0	0	0	24	0	0	0	0	0	0	0	0	0	0	0
seq92	0	0	0	21	0	0	0	0	0	0	0	0	0	0	0
seq93	0	0	0	39	0	0	0	0	0	0	0	0	0	0	0
seq94	61	0	24	0	873	138	110	151	510	49	250	103	176	0	0
seq95	577	0	593	0	0	0	0	195	0	297	0	220	208	257	0
seq96	0	0	0	82	0	0	0	0	0	0	0	0	0	0	0
seq98	0	0	0	549	0	0	0	0	0	0	0	0	0	0	0
seq99	0	0	0	88	0	0	0	0	0	0	0	0	0	0	0
seq100	0	0	0	331	0	0	0	0	0	0	0	0	0	0	0
seq101	0	0	0	46	0	0	0	0	0	0	0	0	0	0	0
seq102	0	43	0	0	154	2268	110	73	139	15	54	145	112	167	6
seq103	0	0	0	147	0	0	0	0	8	0	0	0	0	0	0
seq104	0	0	0	525	0	0	0	0	0	0	0	0	0	0	0
seq106	0	0	0	0	108	0	0	0	2320	0	0	0	0	0	0
seq107	0	0	0	1282	0	0	0	0	0	0	0	0	0	0	0
seq108	0	0	0	84	0	0	0	0	0	0	0	0	0	0	0
seq110	0	0	0	47	0	0	0	0	8	0	0	0	0	0	0
seq111	0	0	0	0	818	114	84	320	323	0	0	57	0	0	0
seq112	0	0	0	0	0	0	2287	0	0	0	0	0	0	0	0
seq113	0	0	0	0	0	0	0	0	0	0	1	0	0	0	0
seq114	1073	0	941	0	0	0	0	0	0	0	0	0	0	0	0
seq116	0	0	0	693	0	0	0	0	0	0	0	0	0	0	0
seq117	0	0	0	235	0	0	0	0	0	0	0	0	0	0	0
seq118	0	0	0	110	0	0	0	0	0	0	0	0	0	0	0
seq119	0	0	0	99	0	0	0	0	0	0	0	0	0	0	0
seq121	0	0	0	42	0	0	0	0	0	0	0	0	0	0	0
seq122	0	215	0	0	0	1805	0	91	217	0	274	205	0	0	0
seq123	115	201	0	0	487	0	234	170	141	0	190	194	102	0	0
seq124	0	0	0	19	0	0	0	0	0	0	0	0	0	0	0
seq125	0	0	0	562	0	0	0	0	0	0	0	0	0	0	0
seq126	0	1737	10	0	0	76	0	118	0	28	0	0	8	0	159
seq127	0	570	0	0	144	563	493	0	175	0	0	0	0	33	343
seq129	0	2042	0	0	0	0	0	0	0	0	0	0	0	0	0
seq130	0	0	0	6	0	0	0	0	3	0	0	0	0	0	0
seq131	189	0	0	0	0	0	0	0	0	0	0	1384	0	0	0
seq133	0	0	0	205	0	0	0	0	0	0	0	0	0	0	0
seq134	0	0	0	0	0	3272	0	21	0	103	0	0	0	0	0
seq135	0	0	0	254	0	0	0	0	0	0	0	0	0	0	0
seq136	0	0	0	26	0	0	0	0	74	0	0	0	0	0	0
seq137	0	1949	0	0	0	0	0	0	0	0	0	0	0	0	0
seq138	0	0	0	0	0	0	0	53	942	0	785	0	0	0	0
seq139	133	0	152	0	0	0	0	62	241	159	23	294	181	84	446
seq140	0	0	0	95	0	0	0	0	0	0	0	0	0	0	0
seq141	5	1	0	0	154	0	21	162	306	9	122	298	577	7	9
seq143	0	0	0	0	0	0	174	0	0	0	14	0	0	0	1845
seq144	0	0	0	17	0	0	0	0	0	0	0	0	0	0	0
seq145	9	0	31	0	797	0	0	173	0	0	0	256	98	0	0
seq146	0	0	158	197	0	0	0	0	0	0	0	0	0	0	0
seq147	0	0	0	56	0	0	0	0	0	0	0	0	0	0	0
seq148	0	0	0	11	0	0	0	0	0	0	0	0	0	0	0
seq151	0	0	0	119	0	0	0	0	14	0	0	0	0	0	0
seq152	0	0	0	0	107	179	0	389	0	0	0	0	0	0	153
seq153	0	0	0	194	0	0	0	0	0	0	0	0	0	0	0
seq154	0	0	0	12	0	0	0	0	0	0	0	0	0	0	0
seq155	0	0	0	3	0	0	0	0	0	0	0	0	0	0	0
seq157	0	0	0	45	0	0	0	0	0	0	0	0	0	0	0
seq158	0	0	0	26	0	0	0	0	0	0	0	0	0	0	0
seq159	0	0	0	177	0	0	0	0	0	0	0	0	0	0	0
seq160	0	0	0	193	0	0	0	0	0	0	0	0	0	0	0
seq161	0	0	0	44	0	0	0	0	0	0	0	0	0	0	0
seq162	0	1664	0	0	0	0	0	0	0	0	0	0	0	0	0
seq163	0	0	218	0	0	0	0	141	0	261	0	0	0	353	549
seq165	0	0	0	28	0	0	0	0	10	0	0	0	0	0	0
seq166	0	0	0	33	0	0	0	0	0	0	0	0	0	0	0
seq167	0	0	0	0	0	0	0	0	825	0	571	173	0	0	0
seq168	0	10	3	0	0	0	0	0	188	54	41	519	515	78	5
seq171	127	0	0	31	0	0	0	0	0	0	0	0	0	0	0
seq172	59	0	0	0	0	0	0	0	25	0	1199	0	0	0	0
seq173	1553	0	0	0	0	0	0	0	0	0	0	0	0	0	0
seq174	0	0	0	14	0	0	0	0	0	0	0	0	0	0	0
seq176	0	0	0	54	0	0	0	0	0	0	0	0	0	0	0
seq177	0	0	0	0	0	0	0	0	169	0	994	65	75	0	0
seq178	0	0	0	73	0	0	0	0	0	0	0	0	0	0	0
seq179	0	0	0	50	0	0	0	0	0	0	0	0	0	0	0
seq180	0	0	0	0	0	0	0	0	187	0	1050	0	0	0	0
seq181	0	0	0	22	0	0	0	0	0	0	0	0	0	0	0
seq182	0	0	0	152	0	0	0	0	0	0	0	0	0	0	0
seq183	0	0	0	0	0	0	0	0	0	0	63	965	0	0	0
seq184	0	0	0	44	0	0	0	0	0	0	0	0	0	0	0
seq185	0	0	1223	0	0	0	0	0	0	0	0	0	0	0	0
seq187	0	0	0	55	0	0	0	0	19	0	0	0	0	0	0
seq188	0	0	0	179	0	0	0	0	0	0	0	0	0	0	0
seq189	0	400	0	0	166	0	126	132	197	0	30	94	136	0	0
seq190	0	0	0	20	0	0	0	0	0	0	0	0	0	0	0
seq191	0	0	0	39	0	0	0	0	0	0	0	0	0	0	0
seq192	0	0	0	20	0	0	0	0	3	0	0	0	0	0	0
seq193	0	0	0	54	0	0	0	0	0	0	0	0	0	0	0
seq194	0	0	0	34	0	0	0	0	0	0	0	0	0	0	0
seq195	0	0	0	0	0	0	0	0	0	0	0	0	506	0	845
seq196	92	18	22	0	19	8	108	79	55	13	195	192	15	233	66
seq197	0	690	0	0	0	0	0	0	14	13	38	349	74	0	0
seq198	232	0	0	0	0	0	0	0	589	0	366	59	0	0	0
seq199	0	0	1115	0	0	0	0	0	0	0	0	0	0	0	0
seq200	0	1159	0	0	0	0	0	0	0	0	0	0	75	0	0
seq201	0	0	1097	0	0	0	0	0	0	0	0	0	0	0	0
seq203	120	50	0	0	150	441	126	113	0	13	0	109	129	0	0
seq204	0	0	0	11	0	0	0	0	0	0	0	0	0	0	0
seq205	0	0	0	25	0	0	0	0	0	0	0	0	0	0	0
seq207	0	0	0	0	0	0	0	0	282	0	653	0	0	0	0
seq208	0	0	0	36	0	0	0	0	0	0	0	0	0	0	0
seq209	0	0	0	0	0	0	0	0	0	0	0	0	1078	0	0
seq211	0	0	0	107	0	0	0	0	0	0	0	0	0	0	0
seq213	180	53	228	0	69	51	228	144	64	12	46	13	0	11	0
seq214	515	0	58	0	0	0	0	375	0	69	0	0	0	0	0
seq215	0	0	0	77	0	0	0	0	0	0	0	0	0	0	0
seq216	0	0	0	162	0	0	0	0	0	0	0	0	0	0	0
seq218	0	0	0	46	0	0	0	0	0	0	0	0	0	0	0
seq219	0	0	0	166	0	0	0	0	0	0	0	0	0	0	0
seq220	0	0	0	15	0	0	0	0	0	0	0	0	0	0	0
seq221	0	0	864	0	0	0	0	0	157	0	0	0	0	0	0
seq222	0	0	0	0	0	0	0	0	0	0	0	0	1025	0	0
seq224	0	0	0	10	0	0	0	0	0	0	0	0	0	0	0
seq227	4	0	0	0	503	58	0	13	0	0	15	146	99	0	0
seq228	0	0	0	0	0	0	0	0	0	0	0	0	0	770	0
seq229	0	0	0	114	0	0	0	0	0	0	0	0	0	0	0
seq230	0	0	0	0	0	0	0	0	476	25	487	0	0	26	0
seq231	0	0	0	176	0	0	0	0	8	0	0	0	0	0	0
seq232	0	0	0	24	0	0	0	0	0	0	0	0	0	0	0
seq233	0	0	0	0	428	0	0	0	141	0	105	34	162	6	8
seq234	0	0	0	85	0	0	0	0	0	0	0	0	0	0	0
seq235	15	11	8	0	150	0	32	42	148	0	70	212	29	83	0
seq236	0	0	0	428	0	0	0	0	0	0	0	0	0	0	0
seq237	0	0	0	50	0	0	0	0	0	0	0	0	0	0	0
seq239	0	0	0	0	0	156	0	0	0	962	0	0	0	0	0
seq240	0	0	0	27	0	0	0	0	0	0	0	0	0	0	0
seq243	0	0	0	117	0	0	0	0	0	0	0	0	0	0	0
seq244	79	0	125	0	73	97	190	62	26	11	0	0	14	4	27
seq246	0	0	0	0	396	0	35	15	214	0	55	36	11	7	2
seq247	31	8	6	0	206	0	121	0	154	0	84	93	0	84	28
seq248	0	0	0	0	0	0	0	0	0	118	0	0	94	202	468
seq249	0	0	0	36	0	0	0	0	0	0	0	0	0	0	0
seq250	23	0	5	0	0	0	0	0	228	5	267	44	0	201	32
seq251	0	0	0	9	0	0	0	0	0	0	0	0	0	0	0
seq252	0	0	11	0	272	72	23	60	79	0	78	148	9	0	0
seq254	0	0	16	0	474	0	30	0	74	0	78	46	0	0	0
seq256	0	39	0	0	294	728	0	0	0	0	0	0	5	31	11
seq257	0	0	0	9	0	0	0	0	0	0	0	0	0	0	0
seq258	0	0	0	22	0	0	0	0	0	0	0	0	0	0	0
seq259	0	0	0	0	0	0	0	0	0	0	44	578	0	0	0
seq260	0	0	0	23	0	0	0	0	0	0	0	0	0	0	0
seq261	0	0	0	30	0	0	0	0	0	0	0	0	0	0	0
seq262	11	0	0	0	208	0	92	0	111	0	49	135	6	74	33
seq263	0	0	0	0	0	0	0	0	0	0	662	0	0	0	0
seq265	0	0	0	0	0	6	352	96	26	23	0	55	14	97	0
seq266	0	0	0	0	0	0	0	0	0	905	0	0	0	14	0
seq267	0	0	0	18	0	0	0	0	0	0	0	0	0	0	0
seq268	0	0	0	798	0	0	0	0	0	0	0	0	0	0	0
seq270	64	16	0	0	31	0	205	52	0	31	35	53	0	147	44
seq271	15	0	17	0	106	7	43	0	160	15	180	35	22	52	15
seq274	0	0	0	0	118	0	0	37	200	0	135	125	65	0	0
seq276	0	0	0	3	0	0	0	0	0	0	0	0	0	0	0
seq277	594	0	0	18	0	0	0	0	0	0	0	0	0	0	0
seq279	0	0	0	0	0	0	6	0	69	0	133	269	108	0	0
seq280	0	0	0	340	0	0	0	0	0	0	0	0	0	0	0
seq282	0	0	99	0	0	0	0	0	644	0	82	0	0	0	0
seq283	0	0	0	0	0	1037	0	80	0	0	0	0	0	0	0
seq284	0	0	0	0	104	0	64	89	197	0	143	9	77	0	0
seq285	0	0	0	64	0	0	0	0	0	0	0	0	0	0	0
seq286	0	0	0	5	0	0	0	0	0	0	0	0	0	0	0
seq288	55	0	238	0	0	0	0	78	0	38	0	0	0	148	42
seq289	0	0	0	25	0	0	0	0	0	0	0	0	0	0	0
seq290	0	0	0	32	0	0	0	0	0	0	0	0	0	0	0
seq291	0	0	0	17	0	0	0	0	0	0	0	0	0	0	0
seq294	0	655	0	0	0	0	0	0	0	5	0	0	0	0	0
seq295	0	0	0	20	0	0	0	0	0	0	0	0	0	0	0
seq296	0	0	0	0	0	0	0	0	99	0	470	0	0	0	0
seq297	13	381	0	0	0	94	5	0	0	4	21	109	0	8	0
seq298	0	0	0	18	0	0	0	0	0	0	0	0	0	0	0
seq299	0	0	0	0	0	0	0	201	0	112	0	0	0	125	161
seq300	0	0	0	24	0	0	0	0	6	0	0	0	0	0	0
seq301	0	0	0	39	0	0	0	0	0	0	0	0	0	0	0
seq302	0	0	0	0	0	0	0	0	0	0	0	0	0	0	727
seq303	5	5	0	0	108	0	47	48	58	24	55	141	0	20	8
seq304	0	0	0	67	0	0	0	0	0	0	0	0	0	0	0
seq305	0	0	0	0	0	0	0	0	0	685	0	0	0	0	0
seq308	134	28	8	0	27	67	31	24	22	0	38	176	0	16	14
seq309	0	0	0	0	20	0	0	0	94	24	86	159	0	0	0
seq310	0	0	0	19	0	0	0	0	0	0	0	0	0	0	0
seq311	0	0	0	0	33	0	0	0	530	0	19	0	18	48	26
seq312	0	0	0	107	0	0	0	0	0	0	0	0	0	0	0
seq313	0	0	0	1	0	0	0	0	0	0	0	0	0	0	0
seq314	0	0	0	78	0	0	0	0	0	236	0	0	0	0	0
seq315	0	0	0	39	0	0	0	0	0	0	0	0	0	0	0
seq316	0	0	0	25	0	0	0	0	0	0	0	0	0	0	0
seq317	0	0	0	110	0	0	0	0	0	0	0	0	0	0	0
seq318	0	0	0	0	0	451	0	0	0	0	0	153	0	0	0
seq320	0	0	0	14	0	0	0	0	0	0	0	0	0	0	0
seq321	0	0	0	36	0	0	0	0	0	0	0	0	0	0	0
seq322	0	0	0	31	0	0	0	0	0	0	0	0	0	0	0
seq323	0	0	0	68	0	0	0	0	0	0	0	0	0	0	0
seq324	0	0	0	67	0	0	0	0	0	0	0	0	0	0	0
seq326	127	0	0	0	328	0	0	0	0	0	0	0	0	0	0
seq328	0	0	0	30	0	0	0	0	0	0	0	0	0	0	0
seq329	0	0	0	5	0	0	0	0	0	0	0	0	0	0	0
seq330	0	0	0	60	0	0	0	0	0	0	0	0	0	0	0
seq331	0	0	0	0	0	0	0	0	5	0	0	0	0	0	0
seq334	158	0	84	0	110	0	18	60	30	0	0	0	0	0	0
seq335	0	0	0	0	0	0	0	0	655	0	0	0	0	0	0
seq336	0	394	0	0	0	0	0	0	0	0	0	79	0	0	6
seq337	0	531	0	0	0	0	0	0	0	0	0	0	0	0	0
seq338	0	0	0	0	149	0	13	9	162	0	62	57	0	0	0
seq339	0	0	0	0	0	499	0	0	0	0	0	0	0	0	0
seq340	0	0	0	0	0	0	0	0	0	547	0	0	24	0	0
seq342	0	0	0	0	0	424	0	61	0	17	0	24	0	64	47
seq344	29	0	0	0	49	0	110	0	59	0	105	62	0	29	8
seq345	0	0	0	38	0	0	0	0	0	0	0	0	0	0	0
seq347	0	0	0	19	0	0	0	0	17	0	0	0	0	0	0
seq350	0	0	0	188	0	0	0	0	0	0	0	0	0	0	0
seq352	0	0	0	75	0	0	0	0	0	0	0	0	0	0	0
seq353	0	0	0	0	0	0	0	0	360	0	140	17	0	0	0
seq355	0	0	5	61	0	0	0	0	0	6	0	0	0	0	0
seq357	0	0	0	0	0	0	90	0	0	0	0	268	0	0	0
seq358	0	0	0	0	0	0	0	0	0	0	0	0	0	342	0
seq360	0	0	0	13	0	0	0	0	0	0	0	0	0	0	0
seq361	0	0	9	0	70	118	26	23	62	22	54	9	38	33	0
seq362	0	0	0	324	0	0	0	0	0	0	0	0	0	0	0
seq363	0	39	0	0	0	0	0	0	167	0	228	0	0	0	0
seq364	0	0	0	41	0	0	0	0	0	0	0	0	0	0	0
seq365	435	0	0	0	0	0	0	12	0	0	0	0	0	0	0
seq367	11	0	0	0	28	0	0	0	130	0	147	31	22	18	0
seq368	0	0	0	23	0	0	0	0	0	0	0	0	0	0	0
seq373	0	0	0	32	0	0	0	0	0	0	0	0	0	0	0
seq374	0	0	0	382	0	0	0	0	0	0	0	0	0	0	0
seq375	0	0	0	36	0	0	0	0	0	0	0	0	0	0	0
seq376	0	0	0	0	0	0	0	0	0	295	0	0	0	0	0
seq377	14	0	0	0	24	0	181	0	0	0	0	49	7	39	83
seq379	0	0	0	0	170	176	91	0	0	0	0	0	0	0	0
seq380	0	0	0	51	0	0	0	0	0	0	0	0	0	0	0
seq382	0	0	0	0	0	0	0	0	0	195	0	0	0	122	83
seq383	0	0	0	31	0	0	0	0	0	0	0	0	0	0	0
seq385	0	0	0	13	0	0	0	0	0	0	0	0	0	0	0
seq386	0	0	354	0	0	0	0	0	0	0	0	0	0	0	0
seq387	0	0	0	9	0	0	0	0	0	0	0	0	0	0	0
seq390	0	2	0	0	55	0	50	0	0	0	175	0	76	0	0
seq391	0	0	0	29	0	0	0	0	0	0	0	0	0	0	0
seq392	0	0	0	75	0	0	0	0	0	0	0	0	0	0	0
seq393	0	0	0	0	0	0	0	0	0	0	0	0	0	270	29
seq394	0	382	0	0	0	0	0	0	0	0	0	0	0	0	0
seq395	0	0	0	31	0	0	0	0	0	0	0	0	0	0	0
seq396	47	0	0	0	229	0	0	0	0	0	40	0	0	0	0
seq397	190	0	53	0	0	0	0	40	0	30	0	0	0	32	11
seq398	0	0	214	0	0	0	0	0	0	0	0	0	0	67	49
seq400	0	0	0	0	0	682	0	0	0	0	0	0	0	0	0
seq402	0	13	0	0	0	0	0	0	0	0	0	0	304	0	0
seq404	0	0	288	0	0	0	0	0	9	0	0	0	42	0	0
seq405	0	0	0	0	0	0	0	56	99	9	120	0	0	25	5
seq407	0	0	0	0	0	655	0	0	0	0	0	0	0	0	0
seq409	0	0	0	0	0	0	0	0	0	0	0	0	328	0	0
seq411	0	0	0	64	0	0	0	0	0	0	0	0	0	0	0
seq412	0	0	0	10	0	0	0	0	0	0	0	0	0	0	0
seq413	0	0	0	0	0	0	0	0	0	144	4	0	178	0	16
seq415	0	0	0	17	0	0	0	0	0	0	0	0	0	0	0
seq416	0	0	0	53	0	0	0	0	0	0	0	0	0	0	0
seq418	17	0	0	0	136	0	39	0	30	0	49	12	0	14	13
seq419	0	0	0	24	0	0	0	0	0	0	0	0	0	0	0
seq420	0	34	0	0	0	0	0	0	0	0	210	14	11	0	0
seq421	0	0	0	141	0	0	0	0	0	0	0	0	0	0	0
seq422	0	0	0	96	0	0	0	0	0	0	0	0	0	0	0
seq426	0	0	0	0	0	0	0	0	0	0	0	0	0	155	165
seq427	0	0	0	21	0	0	0	0	0	0	0	0	0	0	0
seq428	0	0	0	0	229	0	11	0	24	0	0	20	0	0	0
seq429	0	0	0	0	90	0	8	0	88	0	55	41	7	5	0
seq431	181	0	41	0	16	19	1	5	26	8	0	0	0	26	19
seq432	0	0	0	0	71	0	16	18	70	4	82	26	5	0	0
seq436	48	52	47	0	52	0	60	0	0	0	0	0	47	0	52
seq437	0	0	0	89	0	0	0	0	0	0	0	0	0	0	0
seq438	0	0	0	0	270	0	0	0	0	0	0	0	0	0	0
seq439	0	0	0	0	207	0	61	0	0	0	0	0	0	0	0
seq441	0	0	0	22	0	0	0	0	0	0	0	0	0	0	0
seq443	0	0	0	13	0	0	0	0	0	0	0	0	0	0	0
seq445	9	11	16	0	16	0	0	73	63	0	83	0	0	0	5
seq447	0	316	0	0	0	0	0	0	0	0	0	0	0	0	0
seq448	0	0	0	0	0	0	0	18	193	0	0	51	20	38	0
seq449	0	0	0	5	0	0	0	0	0	0	0	0	0	0	0
seq451	0	0	0	64	0	0	0	0	0	0	0	0	0	0	0
seq454	0	0	0	0	0	0	0	0	0	0	0	240	0	0	0
seq456	0	0	0	0	0	0	0	0	0	0	0	0	54	0	282
seq458	8	0	0	0	71	0	2	0	103	0	93	17	0	0	0
seq459	0	0	0	6	0	0	0	0	0	0	0	0	0	0	0
seq460	12	11	8	0	74	0	17	0	48	10	37	17	22	12	6
seq461	0	0	0	0	0	0	0	0	0	332	0	0	0	0	0
seq462	0	0	0	80	0	0	0	0	0	0	0	0	0	0	0
seq463	0	0	0	0	0	0	0	0	0	0	0	0	0	207	29
seq464	0	0	0	0	0	0	0	0	0	0	0	250	0	0	0
seq465	0	0	0	44	0	0	0	0	0	0	0	0	0	0	0
seq466	0	287	0	0	0	0	0	0	0	0	0	0	0	7	0
seq469	0	0	0	46	0	0	0	0	0	0	0	0	0	0	0
seq470	0	0	0	0	0	0	0	0	0	0	0	0	0	201	0
seq472	0	0	0	0	193	0	0	23	0	0	0	0	0	0	0
seq473	0	0	0	0	0	0	0	0	76	0	172	0	0	0	0
seq474	0	0	0	165	0	0	0	0	0	0	0	0	0	0	0
seq475	246	0	0	0	0	0	0	0	0	0	9	0	0	0	0
seq476	0	0	241	0	0	0	0	0	0	0	0	0	0	0	0
seq477	0	0	0	0	176	0	63	0	0	0	0	0	0	0	0
seq478	48	0	4	0	46	0	0	5	24	3	39	14	0	39	18
seq479	0	0	0	10	0	0	0	0	0	0	0	0	0	0	0
seq482	0	0	0	78	0	0	0	0	0	0	0	0	0	0	0
seq483	0	0	0	0	0	0	0	0	0	0	0	0	249	0	0
seq484	0	0	0	0	0	0	0	0	0	0	0	0	0	175	0
seq485	0	0	72	0	106	0	0	0	49	0	0	0	0	0	0
seq486	0	0	0	0	0	0	0	0	0	0	0	0	245	0	0
seq488	0	0	0	0	0	0	0	158	0	68	0	0	0	0	0
seq489	0	0	0	81	0	0	0	0	0	0	0	0	0	0	0
seq490	0	0	0	10	0	0	0	0	0	0	0	0	0	0	0
seq491	0	0	0	56	0	0	0	0	0	0	0	0	0	0	0
seq492	0	0	0	9	0	0	0	0	0	0	0	0	0	0	0
seq493	0	0	0	0	0	0	0	0	87	0	144	0	0	0	0
seq494	0	0	0	0	0	0	0	48	0	0	0	0	0	0	0
seq496	0	0	0	122	0	0	0	0	0	0	0	0	0	0	0
seq500	0	0	0	30	0	0	0	0	0	0	0	0	0	0	0
seq501	0	246	0	0	0	0	0	0	0	0	0	0	0	0	0
seq502	0	0	0	236	0	0	0	0	0	0	0	0	0	0	0
seq503	0	0	0	15	0	0	0	0	0	0	0	0	0	0	0
seq505	56	12	13	0	10	0	22	5	17	0	33	39	6	5	0
seq506	0	0	5	0	45	0	64	0	51	0	44	0	0	0	0
seq507	0	0	0	33	0	0	0	0	0	0	0	0	0	0	0
seq509	0	0	0	0	0	0	0	0	0	0	0	0	0	0	277
seq510	0	0	0	17	0	0	0	0	0	0	0	0	0	0	0
seq511	56	0	0	0	0	0	0	0	0	0	0	26	0	63	67
seq513	0	0	0	28	0	0	0	0	0	0	0	0	0	0	0
seq516	0	0	0	10	0	0	0	0	0	0	0	0	0	0	0
seq517	0	0	0	0	0	0	0	0	0	0	127	0	0	0	0
seq520	0	0	0	30	0	0	0	0	0	0	0	0	0	0	0
seq521	0	0	0	55	0	0	0	0	0	0	0	0	0	0	0
seq522	0	0	0	0	0	0	0	0	0	0	0	0	208	0	0
seq523	0	226	0	0	0	0	0	0	0	0	0	0	0	0	0
seq524	0	0	0	0	0	0	0	0	0	0	187	0	0	0	0
seq525	0	0	12	0	0	0	0	0	0	0	0	156	0	0	0
seq526	0	0	0	34	0	0	0	0	0	0	0	0	0	0	0
seq527	0	0	0	0	0	0	0	0	0	0	0	0	187	0	0
seq528	0	0	0	33	0	0	0	0	0	0	0	0	0	0	0
seq531	0	0	0	114	0	0	0	0	0	0	0	0	0	0	0
seq534	0	0	0	25	0	0	0	0	0	0	0	0	0	0	0
seq535	0	0	0	0	0	0	0	0	0	0	0	117	26	0	0
seq536	0	0	0	45	0	0	0	0	0	0	0	0	0	0	0
seq537	0	0	0	15	0	0	0	0	0	0	0	0	0	0	0
seq540	0	17	0	0	0	0	0	0	0	4	0	139	0	0	0
seq541	0	190	0	0	0	0	0	0	0	0	0	0	0	0	0
seq542	7	0	0	0	22	0	29	2	28	0	24	0	13	30	16
seq543	9	104	0	0	0	0	0	0	34	0	49	0	0	0	0
seq544	23	0	0	0	0	0	8	17	0	9	0	0	4	0	0
seq546	7	37	0	0	0	249	0	3	0	4	0	0	0	0	0
seq547	0	0	0	9	0	0	0	0	0	0	0	0	0	0	0
seq548	63	0	3	0	19	36	17	25	0	0	7	15	0	0	7
seq549	0	0	0	0	33	0	5	44	0	0	21	0	0	33	25
seq552	0	0	0	2	0	0	0	0	0	0	0	0	0	0	0
seq553	0	0	0	0	0	0	0	141	0	0	0	0	0	0	0
seq554	0	0	0	0	0	0	0	0	0	0	150	0	0	0	0
seq555	0	0	0	0	1	0	155	0	0	0	9	21	0	0	0
seq557	0	0	0	0	0	0	0	0	17	0	113	20	0	0	0
seq560	0	81	0	0	27	0	0	3	0	0	0	47	0	0	0
seq561	0	0	0	172	0	0	0	0	0	0	0	0	0	0	0
seq562	0	11	0	0	0	305	0	0	0	0	0	0	0	0	0
seq563	0	0	0	0	0	0	0	8	0	0	0	0	0	124	0
seq564	0	0	0	27	0	0	0	0	0	0	0	0	0	0	0
seq565	6	37	0	0	112	0	0	0	0	0	0	0	0	0	0
seq566	0	0	0	0	0	0	0	0	0	0	0	0	166	0	0
seq567	0	0	0	0	0	0	0	0	0	0	0	0	0	139	0
seq569	0	0	0	0	0	240	0	26	0	0	0	0	0	0	0
seq570	0	0	0	0	0	0	0	0	40	0	98	0	0	0	0
seq571	0	173	0	0	0	0	0	0	0	0	0	0	0	0	0
seq572	0	0	0	0	0	0	0	0	0	0	118	0	0	0	0
seq576	63	0	0	0	0	30	0	2	22	23	0	0	0	27	0
seq578	0	0	0	3	0	0	0	0	0	0	0	0	0	0	0
seq579	0	0	0	107	0	0	0	0	0	0	0	0	0	0	0
seq580	0	0	0	0	46	0	11	0	16	0	24	20	4	19	0
seq582	0	0	0	6	0	0	0	0	0	0	0	0	0	0	0
seq584	18	0	0	0	0	0	0	0	0	0	112	0	0	0	0
seq587	0	0	0	0	0	0	0	0	0	0	0	0	144	0	0
seq589	0	0	0	0	49	0	0	0	26	0	16	14	15	10	0
seq591	0	0	0	41	0	0	0	0	0	0	0	0	0	0	0
seq592	0	0	0	23	0	0	0	0	0	0	0	0	0	0	0
seq593	0	0	0	11	0	0	0	0	0	0	0	0	0	0	0
seq594	0	0	0	4	0	0	0	0	0	0	0	0	0	0	0
seq595	0	0	0	0	0	0	0	0	0	0	0	0	0	120	0
seq599	0	0	0	0	0	0	0	0	0	175	0	0	0	0	0
seq601	0	0	0	0	0	0	0	0	182	0	0	0	0	0	0
seq602	0	4	6	0	17	6	0	0	32	0	0	0	0	0	0
seq603	0	0	0	7	0	0	0	0	0	0	0	0	0	0	0
seq604	0	0	0	33	0	0	0	0	0	0	0	0	0	0	0
seq607	19	0	0	0	0	0	19	0	20	0	40	6	0	8	7
seq610	0	0	0	0	0	0	0	0	31	0	90	0	0	13	0
seq611	0	0	0	0	0	0	0	0	0	0	0	0	0	0	180
seq613	0	45	0	0	0	52	0	0	0	0	3	45	0	8	0
seq616	0	0	0	36	0	0	0	0	0	0	0	0	0	0	0
seq619	132	0	0	0	0	0	0	10	0	0	0	0	0	0	0
seq620	0	0	0	9	0	0	0	0	0	0	0	0	0	0	0
seq621	0	0	0	40	0	0	0	0	0	0	0	0	0	0	0
seq624	0	0	0	0	60	0	11	2	0	0	19	0	0	6	0
seq626	0	0	0	18	0	0	0	0	0	0	0	0	0	0	0
seq628	15	0	5	0	0	0	0	0	0	0	17	0	0	0	90
seq629	0	0	0	3	0	0	0	0	0	0	0	0	0	0	0
seq630	0	0	0	0	0	0	0	0	0	0	0	88	0	0	0
seq631	0	0	0	0	0	0	0	0	0	0	0	0	117	0	0
seq633	0	0	0	0	0	0	0	0	0	0	0	41	0	44	0
seq635	35	0	0	0	14	0	37	0	0	0	39	0	0	0	0
seq636	0	0	0	0	0	0	0	6	0	0	9	0	0	22	95
seq637	0	0	0	0	16	0	0	0	16	0	0	0	0	0	0
seq638	115	0	0	0	0	0	0	0	0	0	0	0	0	0	0
seq639	0	102	0	0	0	0	0	0	0	0	0	24	0	0	0
seq641	0	0	0	0	0	0	19	0	0	19	0	0	0	0	0
seq642	0	0	0	0	0	0	0	0	0	0	0	0	0	86	0
seq644	0	0	0	0	0	91	27	0	0	69	0	0	0	0	0
seq645	18	0	0	0	45	0	36	0	6	0	2	15	0	0	0
seq646	0	0	1	0	0	0	0	0	55	0	24	41	0	0	0
seq647	0	0	0	129	0	0	0	0	0	0	0	0	0	0	0
seq651	0	0	0	0	0	0	0	0	48	0	18	0	75	0	0
seq652	0	0	0	31	0	0	0	0	0	0	0	0	0	0	0
seq654	0	0	0	0	0	0	0	0	74	0	0	0	64	0	0
seq656	0	0	0	0	0	0	0	0	6	0	87	0	0	0	0
seq660	0	0	1	0	76	0	19	0	0	0	0	0	0	0	0
seq662	0	0	0	117	0	0	0	0	0	0	0	0	0	0	0
seq663	0	0	0	17	0	0	0	0	0	0	0	0	0	0	0
seq665	0	0	0	68	0	0	0	0	0	0	0	0	0	0	0
seq666	0	0	0	0	0	0	0	0	50	0	61	0	0	0	0
seq668	0	0	0	0	0	0	0	0	0	0	0	0	0	95	0
seq669	0	0	0	20	0	0	0	0	0	0	0	0	0	0	0
seq670	0	0	0	0	0	0	0	0	9	0	38	0	0	31	16
seq672	0	0	0	0	0	184	0	0	0	10	0	0	0	0	0
seq675	0	0	0	90	0	0	0	0	0	0	0	0	0	0	0
seq677	0	0	0	0	0	7	0	69	0	21	0	0	0	0	0
seq678	0	0	0	0	0	0	0	0	0	0	0	86	0	0	0
seq681	0	0	0	0	0	0	0	0	1	0	0	0	0	0	0
seq683	9	0	5	0	0	0	5	4	17	0	35	5	0	6	4
seq684	0	0	0	0	0	0	0	0	0	0	0	73	0	0	0
seq685	0	0	0	1	0	0	0	0	0	0	0	0	0	0	0
seq687	0	0	0	0	0	0	0	0	0	0	0	86	0	0	0
seq691	104	0	0	0	0	0	0	0	0	0	0	0	0	0	0
seq699	12	0	0	0	0	0	7	55	0	0	9	0	0	2	8
seq701	0	0	0	16	0	0	0	0	0	0	0	0	0	0	0
seq702	0	0	0	0	61	0	20	0	0	17	0	0	0	0	0
seq703	0	0	0	0	33	0	0	13	0	0	26	0	0	15	0
seq705	0	0	0	55	0	0	0	0	0	0	0	0	0	0	0
seq706	0	0	0	0	0	0	0	0	121	0	0	0	0	0	0
seq711	13	0	0	0	10	0	0	1	6	0	6	0	0	14	43
seq713	0	0	0	0	0	79	0	0	0	0	0	24	0	17	0
seq714	0	0	0	0	21	40	6	0	0	0	16	0	12	0	0
seq716	0	0	0	15	0	0	0	0	0	0	0	0	0	0	0
seq717	0	0	0	0	0	0	0	26	0	0	4	0	0	43	0
seq718	0	0	0	21	0	0	0	0	0	0	0	0	0	0	0
seq719	0	0	0	24	0	0	0	0	0	0	0	0	0	0	0
seq724	0	0	0	0	0	0	0	0	8	0	75	0	0	0	0
seq725	0	0	0	0	0	0	0	0	0	0	77	0	0	0	0
seq726	0	0	0	0	0	0	0	0	0	0	0	0	84	0	0
seq733	0	0	0	0	0	119	0	17	0	6	0	0	0	0	0
seq736	7	4	0	0	18	77	0	3	0	4	0	0	0	0	0
seq737	0	0	0	71	0	0	0	0	0	0	0	0	0	0	0
seq740	0	0	0	0	4	0	0	0	20	0	37	14	0	0	0
seq741	0	0	0	0	0	0	0	0	111	0	0	0	0	0	0
seq743	15	0	0	0	0	0	0	0	30	2	37	0	0	0	0
seq745	0	0	0	59	0	0	0	0	0	0	0	0	0	0	0
seq748	0	44	0	0	0	0	0	3	0	0	7	0	0	16	0
seq749	0	0	49	0	0	0	0	0	0	0	0	0	0	0	0
seq751	0	0	0	0	0	0	0	0	0	0	61	0	0	0	0
seq752	0	0	0	0	0	0	0	0	0	0	0	66	0	0	0
seq753	0	0	0	4	0	0	0	0	0	0	0	0	0	0	0
seq755	0	0	0	0	0	0	0	0	0	0	0	65	0	0	0
seq756	29	0	6	0	18	0	14	0	0	0	0	5	0	0	0
seq758	0	0	0	9	0	0	0	0	0	0	0	0	0	0	0
seq759	0	0	0	15	0	0	0	0	0	0	0	0	0	0	0
seq762	0	0	0	0	0	0	0	0	0	80	0	0	0	0	0
seq764	0	0	0	0	38	0	10	0	0	0	0	20	0	0	0
seq766	0	0	0	0	0	0	0	0	0	2	66	0	0	0	0
seq769	0	0	0	16	0	0	0	0	0	0	0	0	0	0	0
seq770	0	0	0	9	0	0	0	0	0	0	0	0	0	0	0
seq771	0	0	0	2	0	0	0	0	0	0	0	0	0	0	0
seq772	0	0	0	0	10	0	0	0	29	0	26	0	0	16	0
seq774	0	0	0	0	0	0	0	0	95	0	0	0	0	0	0
seq775	0	0	0	0	0	0	0	0	0	0	0	0	71	0	0
seq776	0	0	0	0	0	141	0	0	0	0	0	0	0	0	0
seq778	0	0	0	14	0	0	0	0	0	0	0	0	0	0	0
seq781	0	0	0	0	66	0	0	0	0	0	0	0	0	0	0
seq782	0	0	0	0	0	0	0	0	0	0	0	0	76	0	0
seq783	0	0	0	0	0	0	0	0	0	0	0	0	0	67	0
seq784	37	0	0	0	3	0	4	27	0	0	0	0	0	0	0
seq785	0	0	0	0	43	31	0	0	0	0	0	0	0	0	0
seq786	0	0	0	17	0	0	0	0	0	0	0	0	0	0	0
seq789	0	0	0	0	0	0	0	0	10	0	0	0	0	0	0
seq792	0	0	0	0	0	0	0	0	0	0	0	0	61	0	0
seq793	0	0	0	62	0	0	0	0	0	0	0	0	0	0	0
seq794	0	0	0	13	0	0	0	0	0	0	0	0	0	0	0
seq795	0	0	0	0	0	0	82	0	0	0	0	0	0	0	0
seq797	13	0	0	0	1	0	0	0	0	0	19	0	0	26	3
seq798	0	0	0	0	0	124	0	0	0	0	0	0	0	0	0
seq802	72	0	0	0	0	0	0	0	0	0	0	0	0	0	0
seq804	0	0	0	49	0	0	0	0	0	0	0	0	0	0	0
seq805	0	0	0	0	23	0	0	0	19	0	13	0	0	0	15
seq807	0	0	0	0	0	0	0	0	6	0	4	44	0	0	0
seq808	0	0	0	21	0	0	0	0	0	0	0	0	0	0	0
seq810	0	0	0	0	0	0	0	0	0	0	0	0	0	0	70
seq811	0	60	0	0	0	0	0	0	0	0	0	0	0	0	0
seq812	0	0	0	0	0	0	0	0	0	0	0	56	0	0	0
seq814	0	0	0	29	0	0	0	0	0	0	0	0	0	0	0
seq815	0	0	0	0	0	0	0	7	25	0	29	0	0	0	0
seq816	0	0	0	0	0	0	0	0	15	0	34	0	0	0	0
seq817	11	0	0	0	0	0	0	0	13	0	18	0	0	6	15
seq820	0	0	0	0	0	0	0	0	18	0	27	18	0	0	0
seq822	0	0	0	6	0	0	0	0	0	0	0	0	0	0	0
seq823	0	0	0	0	0	0	0	0	21	0	8	0	0	12	27
seq825	0	0	0	18	0	0	0	0	0	0	0	0	0	0	0
seq827	0	0	0	17	0	0	0	0	0	0	0	0	0	0	0
seq829	0	17	0	0	0	0	42	0	0	0	0	0	0	0	0
seq831	9	0	0	6	7	4	0	0	0	0	0	0	4	0	0
seq832	0	0	0	0	0	0	0	0	0	0	0	0	0	0	72
seq833	0	0	17	0	0	0	0	28	0	0	0	0	0	0	6
seq834	0	0	3	0	0	0	0	0	0	0	0	0	0	33	0
seq838	0	0	0	0	0	0	72	0	0	0	0	0	0	0	0
seq839	0	0	0	0	0	0	0	0	0	0	48	0	0	0	0
seq840	0	0	0	15	0	0	0	0	0	0	0	0	0	0	0
seq841	0	0	0	0	6	0	3	2	3	0	11	2	5	8	3
seq842	0	0	0	0	41	0	0	0	0	0	0	0	0	0	0
seq843	0	0	0	7	0	0	0	0	0	0	0	0	0	0	0
seq844	0	0	0	0	0	0	0	0	0	0	0	0	0	44	0
seq845	0	0	0	0	0	0	0	0	0	0	0	0	0	24	31
seq846	0	0	0	0	0	0	0	6	13	0	20	0	0	0	0
seq847	56	0	0	0	0	0	0	0	0	0	0	0	0	0	0
seq848	0	0	0	9	0	0	0	0	0	0	0	0	0	0	0
seq854	0	0	0	0	37	0	0	0	0	0	0	0	0	0	0
seq856	0	0	0	0	50	0	0	0	0	0	0	0	0	0	0
seq858	0	0	0	0	0	0	0	0	62	0	0	0	0	0	0
seq859	0	0	0	0	0	0	0	0	0	0	0	0	0	33	0
seq860	0	0	0	0	0	0	61	0	0	0	0	0	0	0	0
seq861	21	0	0	0	0	25	0	0	0	0	0	14	0	0	0
seq862	0	0	0	0	47	0	0	0	0	0	0	0	0	0	0
seq863	0	0	0	0	0	0	0	0	7	0	29	0	0	0	15
seq864	0	0	0	0	0	0	0	0	0	0	39	0	0	0	0
seq865	0	0	0	0	0	0	0	0	0	0	0	30	17	0	0
seq867	0	0	0	0	41	0	0	0	0	0	0	0	0	0	0
seq869	0	0	0	0	0	0	22	0	22	0	5	0	0	0	0
seq871	0	47	0	0	0	0	0	0	0	0	0	0	0	0	0
seq873	0	0	0	0	0	0	0	0	0	4	0	0	0	0	0
seq879	0	0	0	0	0	0	0	47	0	0	0	0	0	0	0
seq888	0	0	0	28	0	0	0	0	0	0	0	0	0	0	0
seq889	0	0	0	7	0	0	0	0	0	0	0	0	0	0	0
seq890	0	0	0	0	0	81	0	0	0	0	0	0	0	0	0
seq893	0	0	0	0	0	0	0	21	0	0	0	0	0	0	23
seq895	0	0	0	0	0	0	0	0	0	6	0	0	10	19	0
seq896	0	0	0	0	0	0	0	0	0	0	38	0	0	0	0
seq900	0	0	0	0	0	0	0	0	0	41	0	0	0	0	0
seq903	0	0	0	0	0	0	0	3	9	0	19	0	0	0	0
seq904	0	0	0	0	0	0	0	0	0	44	0	0	0	0	0
seq905	0	0	0	9	0	0	0	0	0	0	0	0	0	0	0
seq907	0	0	0	0	0	0	0	0	0	0	31	0	0	0	0
seq910	0	41	0	0	0	0	0	0	0	0	0	0	0	0	0
seq912	0	0	0	0	29	0	0	0	0	0	0	0	0	0	0
seq913	0	0	0	0	12	0	33	0	0	0	0	0	0	0	0
seq914	0	0	0	0	5	0	0	9	0	0	0	0	7	4	11
seq916	0	0	0	0	0	0	0	0	0	0	0	28	0	0	0
seq917	0	0	0	0	0	0	0	28	0	0	0	0	0	0	0
seq918	0	0	0	0	0	0	0	0	47	0	0	0	0	0	0
seq919	0	0	0	0	0	0	0	0	0	0	31	0	0	0	0
seq920	0	0	3	0	0	0	4	0	0	0	8	1	0	0	0
seq923	1	0	0	0	0	0	2	0	0	0	11	0	0	5	14
seq924	0	0	0	0	4	0	0	0	0	0	0	0	0	0	0
seq925	0	0	0	0	0	0	0	1	13	0	14	1	0	0	0
seq928	0	0	0	34	0	0	0	0	0	0	0	0	0	0	0
seq929	0	0	0	37	0	0	0	0	0	0	0	0	0	0	0
seq930	0	0	0	39	0	0	0	0	0	0	0	0	0	0	0
seq932	0	0	0	0	0	0	0	0	11	0	20	0	0	0	0
seq936	0	0	0	38	0	0	0	0	0	0	0	0	0	0	0
seq937	0	0	0	0	0	0	0	0	0	0	0	0	29	0	0
seq938	0	0	0	37	0	0	0	0	0	0	0	0	0	0	0
seq939	0	0	0	40	0	0	0	0	0	0	0	0	0	0	0
seq942	0	0	0	0	0	0	0	0	0	0	0	0	0	22	0
seq945	0	0	0	0	0	0	0	0	0	0	0	26	0	0	0
seq947	0	0	0	0	0	0	0	0	0	0	0	0	0	30	0
seq948	0	0	0	0	0	0	0	0	0	0	0	0	0	24	0
seq949	10	0	0	0	0	0	0	0	0	0	0	0	2	0	0
seq951	0	0	0	0	0	0	0	32	0	0	0	0	0	0	0
seq952	0	0	0	0	0	0	0	0	0	0	18	0	0	5	0
seq956	0	0	0	5	0	0	0	0	0	0	0	0	0	0	0
seq957	0	0	0	0	0	30	0	0	0	0	0	0	0	0	0
seq958	0	0	0	0	0	0	0	0	0	0	0	0	33	0	0
seq960	0	0	0	9	0	0	0	0	0	0	0	0	0	0	0
seq963	0	0	0	0	0	0	39	0	0	0	0	0	0	0	0
seq964	0	0	0	0	0	0	0	0	0	32	0	0	3	0	0
seq965	0	0	0	24	0	0	0	0	0	0	0	0	0	0	0
seq966	0	0	0	0	13	0	16	0	0	0	0	0	0	0	0
seq967	0	0	0	0	0	0	0	21	0	0	0	0	0	0	0
seq968	0	0	0	35	0	0	0	0	0	0	0	0	0	0	0
seq969	0	0	0	22	0	0	0	0	0	0	0	0	0	0	0
seq970	0	0	0	0	8	0	0	0	10	0	0	7	0	0	5
seq977	0	0	0	0	0	0	0	0	0	0	0	26	0	0	0
seq979	0	0	0	0	0	0	0	0	0	0	28	0	0	0	0
seq981	0	0	0	0	0	0	4	1	6	3	2	0	5	0	0
seq983	13	0	0	0	0	0	0	11	0	0	0	0	0	0	0
seq984	0	0	0	0	19	0	0	0	0	0	0	0	0	3	0
seq986	0	0	0	0	0	0	0	13	0	0	0	0	0	0	0
seq987	0	0	0	0	0	0	0	7	0	0	7	0	0	0	11
seq992	0	0	0	0	0	0	0	17	0	0	0	0	0	0	0
seq993	0	0	0	0	0	0	0	0	5	0	27	0	0	0	0
seq994	0	0	0	0	0	0	0	0	0	0	18	0	0	0	0
seq1001	0	0	0	0	0	0	0	0	0	0	24	0	0	0	0
seq1002	0	25	0	0	0	0	0	0	0	0	0	0	0	0	0
seq1004	0	0	0	0	0	0	0	17	0	0	0	0	0	0	0
seq1008	0	0	0	0	0	0	0	0	0	0	0	0	0	0	27
seq1009	0	0	0	0	0	0	30	0	0	0	0	0	0	0	0
seq1015	0	0	0	0	0	0	0	12	0	0	0	0	0	0	10
seq1016	0	0	0	0	0	0	0	0	11	0	6	0	0	3	0
seq1017	0	0	0	0	0	0	0	0	0	0	18	0	0	0	0
seq1018	0	0	0	0	0	0	0	0	0	0	0	0	0	15	10
seq1019	0	0	23	0	0	0	0	0	0	0	0	0	0	0	0
seq1020	0	0	1	0	0	0	0	0	0	0	0	0	0	0	0
seq1022	0	0	0	8	0	0	0	0	0	0	0	0	0	0	0
seq1023	0	0	0	0	6	0	0	0	0	0	0	2	0	0	16
seq1024	0	0	0	0	5	0	0	0	0	0	9	0	0	0	0
seq1026	0	0	0	0	6	21	0	0	0	0	2	0	0	0	2
seq1027	0	0	0	0	0	0	0	0	0	0	0	21	0	0	0
seq1028	0	0	0	0	0	0	0	0	0	0	0	0	20	0	0
seq1030	0	0	0	15	0	0	0	0	0	0	0	0	0	0	0
seq1034	0	0	0	0	0	0	0	0	0	0	0	0	17	0	0
seq1036	0	0	0	19	0	0	0	0	0	0	0	0	0	0	0
seq1039	19	0	0	0	0	0	0	0	0	0	0	0	0	0	0
seq1040	0	0	18	0	0	0	0	0	0	0	0	0	0	0	0
seq1042	0	0	0	0	8	0	0	0	0	0	0	0	0	0	0
seq1044	0	0	0	0	0	0	0	0	0	0	10	4	10	0	0
seq1050	0	0	0	0	0	0	0	0	6	0	6	0	0	0	0
seq1052	0	0	0	0	0	0	0	0	0	0	17	0	0	0	0
seq1053	0	0	0	0	0	0	0	0	0	0	0	0	0	13	4
seq1054	0	0	9	0	0	0	0	0	0	0	0	0	0	6	0
seq1057	0	0	0	0	0	0	0	0	0	0	0	12	0	0	0
seq1060	0	0	0	0	0	0	0	0	0	0	0	12	0	0	0
seq1064	18	0	0	0	0	0	0	0	0	0	0	0	0	0	0
seq1065	0	0	0	0	12	0	0	0	0	0	0	0	0	0	0
seq1066	0	0	0	19	0	0	0	0	0	0	0	0	0	0	0
seq1068	0	0	0	0	0	0	0	0	0	8	0	6	0	0	0
seq1070	0	0	0	6	0	0	0	0	0	0	0	0	0	0	0
seq1073	0	0	0	0	0	0	1	0	0	0	0	0	0	0	21
seq1074	0	0	0	0	0	0	0	0	20	0	0	0	0	0	0
seq1075	0	0	0	0	0	0	0	0	0	19	0	0	0	0	0
seq1078	0	0	0	9	0	0	0	0	0	0	0	0	0	0	0
seq1079	0	0	0	0	9	0	0	0	0	0	0	0	0	0	0
seq1082	0	0	0	0	0	0	0	0	0	0	20	0	0	0	0
seq1083	0	0	0	0	0	0	0	0	0	0	12	0	0	0	0
seq1086	0	0	0	0	10	0	0	0	0	0	0	0	0	0	0
seq1090	18	0	0	0	0	0	0	0	0	0	0	0	0	0	0
seq1091	8	0	0	0	0	0	0	0	0	0	0	0	7	0	0
seq1092	2	0	0	0	0	20	0	0	0	0	0	0	0	0	0
seq1094	0	0	0	14	0	0	0	0	0	0	0	0	0	0	0
seq1098	0	0	0	4	0	0	0	0	0	0	0	0	0	0	0
seq1099	0	0	0	0	0	26	0	0	0	0	0	0	0	0	0
seq1100	0	0	0	0	0	0	0	8	0	0	0	0	0	0	0
seq1101	0	0	0	0	0	0	0	0	4	0	0	0	0	0	0
seq1102	0	0	0	0	0	0	0	0	0	0	14	0	0	0	0
seq1103	0	0	0	0	0	0	0	0	0	0	8	0	0	0	0
seq1106	15	0	0	0	0	0	0	0	0	0	0	0	0	0	0
seq1108	0	0	0	4	0	0	0	0	0	0	0	0	0	0	0
seq1109	0	0	0	0	8	0	0	0	0	0	0	0	0	0	0
seq1114	0	0	0	0	0	0	0	0	0	0	11	0	0	0	0
seq1115	0	0	0	0	0	0	0	0	0	0	14	0	0	0	0
seq1117	3	0	0	0	0	0	0	0	0	0	9	0	0	0	0
seq1119	0	0	0	0	0	0	0	0	4	0	0	0	0	0	0
seq1120	0	0	0	0	6	9	0	0	0	0	0	0	0	0	0
seq1121	0	0	0	0	0	23	0	0	0	0	0	0	0	0	0
seq1123	0	0	0	0	0	0	0	0	0	17	0	0	0	0	0
seq1124	0	0	0	0	0	0	0	0	0	0	0	10	0	0	0
seq1126	0	0	0	12	0	0	0	0	0	0	0	0	0	0	0
seq1127	0	0	0	0	9	0	0	0	0	0	0	0	0	0	0
seq1129	0	0	0	0	0	0	0	0	0	0	9	0	0	1	0
seq1131	0	0	3	0	0	0	0	0	0	0	0	0	0	0	0
seq1132	0	0	0	3	0	0	0	0	0	0	0	0	0	0	0
seq1133	0	0	0	0	7	0	0	0	0	0	0	0	0	0	0
seq1135	0	0	0	0	0	0	0	0	0	0	0	14	0	0	0
seq1136	0	0	0	0	0	0	0	0	0	0	0	0	15	0	0
seq1138	0	0	0	0	0	0	0	0	0	0	0	0	0	0	15
seq1139	0	0	12	0	0	0	0	0	0	0	0	0	0	0	0
seq1140	0	0	0	0	0	0	5	0	8	0	0	0	0	0	0
seq1141	0	0	0	0	0	0	0	6	0	0	0	0	0	0	0
seq1144	0	0	0	0	0	0	0	0	0	0	10	0	0	0	0
seq1145	0	0	0	0	0	0	0	0	0	0	14	0	0	0	0
seq1147	0	0	0	0	0	0	0	0	0	0	0	0	0	0	14
seq1148	1	0	0	0	1	0	0	0	0	0	0	0	4	0	0
seq1150	0	0	0	0	13	0	0	0	0	0	0	0	0	0	0
seq1151	0	0	0	0	0	0	0	0	0	0	5	0	0	0	0
seq1152	0	0	0	0	0	0	0	0	0	0	11	0	0	0	0
seq1155	0	0	0	0	8	0	0	0	0	0	0	0	0	0	0
seq1156	0	0	0	0	6	0	0	0	0	0	0	0	0	0	0
seq1157	0	0	0	0	9	0	0	0	0	0	0	0	0	0	0
seq1160	0	0	0	0	0	0	0	5	0	0	0	0	0	0	0
seq1161	0	0	0	0	0	0	0	2	0	0	4	0	0	0	0
seq1162	0	0	0	0	0	0	0	0	15	0	0	0	0	0	0
seq1168	0	0	0	7	0	0	0	0	0	0	0	0	0	0	0
seq1169	0	0	0	0	0	0	0	0	0	0	6	0	0	0	0
seq1172	0	0	0	0	0	0	0	0	0	0	0	0	0	0	8
seq1173	0	0	0	0	5	0	0	0	0	0	0	0	0	0	0
seq1175	0	0	0	0	0	0	0	0	0	0	7	0	0	0	0
seq1179	0	0	0	0	0	0	0	0	0	0	0	0	0	10	0
seq1180	0	0	4	0	0	0	0	0	0	0	0	0	0	0	0
seq1182	0	0	0	0	3	0	0	0	0	0	0	0	0	0	0
seq1183	0	0	0	0	4	0	0	0	0	0	0	0	0	0	0
seq1184	0	0	0	0	4	0	0	0	0	0	0	0	0	0	0
seq1185	0	0	0	0	0	0	0	4	0	0	0	0	0	0	0
seq1186	0	0	0	0	0	0	0	4	0	0	0	0	0	0	0
seq1187	0	0	0	0	0	0	0	3	0	0	0	2	0	0	0
seq1189	0	0	0	0	0	0	0	0	0	0	5	0	0	0	0
seq1192	0	0	0	0	0	0	0	0	0	0	0	0	10	0	0
seq1195	0	0	0	0	0	0	0	0	0	0	0	0	0	0	5
seq1196	0	0	3	0	4	0	0	0	0	0	0	0	0	0	0
seq1198	0	0	0	0	0	0	0	0	4	0	0	0	0	0	0
seq1199	0	0	0	0	2	0	0	0	8	0	0	0	0	0	0
seq1204	0	0	0	0	0	0	0	0	0	0	0	4	0	0	0
seq1206	0	0	0	0	6	0	0	0	0	0	0	0	0	0	0
seq1208	0	0	0	0	0	0	0	4	0	0	0	0	0	0	0
seq1209	0	0	0	0	0	0	0	0	0	7	0	0	0	0	0
seq1210	0	0	0	0	0	0	0	0	0	0	7	0	0	0	0
seq1211	0	0	0	0	0	0	0	0	0	0	6	0	0	0	0
seq1212	0	0	0	0	0	0	0	0	0	0	6	0	0	2	0
seq1214	0	0	0	0	0	0	0	0	0	0	0	5	0	0	0
seq1215	0	0	0	0	0	0	0	0	0	0	0	7	0	0	0
seq1216	0	0	0	0	0	0	0	0	0	0	0	0	8	0	0
seq1221	0	0	6	0	0	0	0	0	0	0	0	0	0	0	0
seq1223	0	0	0	6	0	0	0	0	0	0	0	0	0	0	0
seq1224	0	0	0	0	5	0	0	0	0	0	0	0	0	0	0
seq1225	0	0	0	0	9	0	0	0	0	0	0	0	0	0	0
seq1227	0	0	0	0	0	0	0	7	0	0	0	0	0	0	0
seq1228	0	0	0	0	0	0	0	0	7	0	0	0	0	0	0
seq1230	0	0	0	0	0	0	0	0	0	0	6	0	0	0	0
seq1231	0	0	0	0	0	0	0	0	0	0	0	4	0	0	0
seq1233	0	0	0	0	0	0	0	0	0	0	0	0	0	2	0
seq1237	0	0	0	0	5	0	0	0	0	0	0	0	0	0	0
seq1238	0	0	0	0	7	0	0	0	0	0	0	0	0	0	0
seq1239	0	0	0	0	4	0	0	0	0	0	0	0	0	0	0
seq1240	0	0	0	0	5	0	0	0	0	0	0	0	0	0	0
seq1245	0	0	0	0	0	0	0	5	0	0	0	0	0	0	0
seq1248	0	0	0	0	0	0	0	0	0	0	0	3	0	0	0
seq1252	0	0	0	0	0	0	0	0	0	0	0	0	4	0	0
seq1255	0	0	0	0	0	0	0	0	0	0	0	0	0	0	9
seq1257	0	4	0	0	0	0	0	0	0	0	0	0	0	0	0
seq1258	0	0	3	0	0	0	0	0	0	0	0	0	0	0	0
seq1259	0	0	0	0	0	2	0	0	0	0	0	0	0	0	0
seq1260	0	0	0	5	0	0	0	0	0	0	0	0	0	0	0
seq1261	0	0	0	0	4	0	0	0	0	0	0	0	0	0	0
seq1262	0	0	0	0	6	0	0	0	0	0	0	0	0	0	0
seq1265	0	0	0	0	0	0	0	2	0	0	0	0	0	0	0
seq1266	0	0	0	0	0	0	0	0	8	0	0	0	0	0	0
seq1268	0	0	0	0	0	0	0	0	0	5	0	0	0	0	0
seq1269	0	0	0	0	0	0	0	0	0	0	2	0	0	0	0
seq1271	0	0	0	0	0	0	0	0	0	0	0	6	0	0	0
seq1274	0	0	0	0	0	0	0	0	0	0	0	0	3	0	0
seq1275	0	0	0	0	0	0	0	0	0	0	0	0	5	0	0
seq1278	0	0	0	0	0	0	0	0	0	0	0	0	0	0	4
seq1279	0	0	0	0	2	0	0	0	0	0	0	0	0	0	0
seq1282	0	0	0	0	0	0	7	0	0	0	0	0	0	0	0
seq1284	0	0	0	0	0	0	0	0	0	4	0	0	0	0	0
seq1285	0	0	0	0	0	0	0	0	0	0	4	0	0	0	0
seq1286	0	0	0	0	0	0	0	0	0	0	0	3	0	0	0
seq1292	4	0	0	0	0	0	0	0	0	0	0	0	0	0	0
seq1293	0	5	0	0	0	0	0	0	0	0	0	0	0	0	0
seq1297	0	0	0	0	3	0	0	0	0	0	0	0	0	0	0
seq1298	0	0	0	0	4	0	0	0	0	0	0	0	0	0	0
seq1299	0	0	0	0	3	0	0	0	0	0	0	0	0	0	0
seq1300	0	0	0	0	1	0	0	0	0	0	0	0	0	0	0
seq1301	0	0	0	0	1	0	0	0	0	0	0	0	0	0	0
seq1302	0	0	0	0	1	0	0	0	0	0	0	0	0	0	0
seq1303	0	0	0	0	5	0	0	0	0	0	0	0	0	0	0
seq1316	0	0	0	0	0	0	0	0	0	0	5	0	0	0	0
seq1318	0	0	0	0	0	0	0	0	0	0	0	3	0	0	0
seq1319	0	0	0	0	0	0	0	0	0	0	0	5	0	0	0
seq1321	0	0	0	0	0	0	0	0	0	0	0	0	6	0	0
seq1322	0	0	0	0	0	0	0	0	0	0	0	0	3	0	0
seq1323	0	0	0	0	0	0	0	0	0	0	0	0	0	0	7
seq1326	6	0	0	0	0	0	0	0	0	0	0	0	0	0	0
seq1330	0	0	0	0	1	0	0	0	0	0	0	0	0	0	0
seq1336	0	0	0	0	0	0	0	0	6	0	0	0	0	0	0
seq1337	0	0	0	0	0	0	0	0	4	0	0	0	0	0	0
seq1344	0	0	0	0	0	0	0	0	0	0	3	0	0	0	0
seq1345	0	0	0	0	0	0	0	0	0	0	3	0	0	0	0
seq1346	0	0	0	0	0	0	0	0	0	0	2	0	0	0	0
seq1357	0	0	0	0	0	0	0	0	0	0	0	0	0	3	0
seq1363	2	0	0	0	0	0	0	0	0	0	0	0	0	0	0
seq1364	3	0	0	0	0	0	0	0	0	0	0	0	0	0	0
seq1365	4	0	0	0	0	0	0	0	0	0	0	0	0	0	0
seq1366	0	0	1	0	0	0	0	0	0	0	0	0	0	0	0
seq1369	0	0	0	3	0	0	0	0	0	0	0	0	0	0	0
seq1370	0	0	0	2	0	0	0	0	0	0	0	0	0	0	0
seq1371	0	0	0	0	2	0	0	0	0	0	0	0	0	0	0
seq1372	0	0	0	0	3	0	0	0	0	0	0	0	0	0	0
seq1373	0	0	0	0	5	0	0	0	0	0	0	0	0	0	0
seq1382	0	0	0	0	0	0	0	2	0	0	0	0	0	0	0
seq1386	0	0	0	0	0	0	0	0	0	0	4	0	0	0	0
seq1387	0	0	0	0	0	0	0	0	0	0	2	0	0	0	0
seq1388	0	0	0	0	0	0	0	0	0	0	5	0	0	0	0
seq1389	0	0	0	0	0	0	0	0	0	0	2	0	0	0	0
seq1397	0	0	0	0	0	0	0	0	0	0	0	0	3	0	0
seq1399	0	0	0	0	0	0	0	0	0	0	0	0	0	3	0
seq1402	0	1	0	0	0	0	0	0	0	0	0	0	0	0	0
seq1403	0	0	2	0	0	0	0	0	0	0	0	0	0	0	0
seq1408	0	0	0	4	0	0	0	0	0	0	0	0	0	0	0
seq1409	0	0	0	2	0	0	0	0	0	0	0	0	0	0	0
seq1410	0	0	0	4	0	0	0	0	0	0	0	0	0	0	0
seq1411	0	0	0	0	2	0	0	0	0	0	0	0	0	0	0
seq1412	0	0	0	0	3	0	0	0	0	0	0	0	0	0	0
seq1413	0	0	0	0	1	0	0	0	0	0	0	0	0	0	0
seq1414	0	0	0	0	1	0	0	0	0	0	0	0	0	0	0
seq1420	0	0	0	0	0	0	0	0	0	0	0	0	0	2	0
seq1422	0	0	0	0	0	0	0	0	4	0	0	0	0	0	0
seq1423	0	0	0	0	0	0	0	0	3	0	0	0	0	0	0
seq1424	0	0	0	0	0	0	0	0	3	0	0	0	0	0	0
seq1427	0	0	0	0	0	0	0	0	0	0	1	0	0	0	0
seq1428	0	0	0	0	0	0	0	0	0	0	4	0	0	0	0
seq1429	0	0	0	0	0	0	0	0	0	0	1	0	0	0	0
seq1432	0	0	0	0	0	0	0	0	0	0	0	3	0	0	0
seq1433	0	0	0	0	0	0	0	0	0	0	0	2	0	0	0
seq1437	0	0	0	0	0	0	0	0	0	0	0	0	3	0	0
seq1438	0	0	0	0	0	0	0	0	0	0	0	0	2	0	0
seq1447	0	0	0	0	0	0	0	0	0	0	0	0	0	0	4
seq1450	3	0	0	0	0	0	0	0	0	0	0	0	0	0	0
seq1451	1	0	0	0	0	0	0	0	0	0	0	0	0	0	0
seq1452	0	0	4	0	0	0	0	0	0	0	0	0	0	0	0
seq1459	0	0	0	0	2	0	0	0	0	0	0	0	0	0	0
seq1460	0	0	0	0	1	0	0	0	0	0	0	0	0	0	0
seq1461	0	0	0	0	1	0	0	0	0	0	0	0	0	0	0
seq1464	0	0	0	0	0	4	0	0	0	0	0	0	0	0	0
seq1469	0	0	0	0	0	0	0	0	2	0	0	0	0	0	0
seq1470	0	0	0	0	0	0	0	0	2	0	0	0	0	0	0
seq1471	0	0	0	0	0	0	0	0	1	0	0	0	0	0	0
seq1472	0	0	0	0	0	0	0	0	3	0	0	0	0	0	0
seq1488	0	0	0	0	0	0	0	0	0	0	0	0	2	0	0
seq1494	0	0	0	0	0	0	0	0	0	0	0	0	0	0	4
seq1498	2	0	0	0	0	0	0	0	0	0	0	0	0	0	0
seq1499	1	0	0	0	0	0	0	0	0	0	0	0	0	0	0
seq1500	0	2	0	0	0	0	0	0	0	0	0	0	0	0	0
seq1501	0	0	2	0	0	0	0	0	0	0	0	0	0	0	0
seq1503	0	0	0	3	0	0	0	0	0	0	0	0	0	0	0
seq1504	0	0	0	2	0	0	0	0	0	0	0	0	0	0	0
seq1506	0	0	0	0	1	0	0	0	0	0	0	0	0	0	0
seq1508	0	0	0	0	3	0	0	0	0	0	0	0	0	0	0
seq1509	0	0	0	0	3	0	0	0	0	0	0	0	0	0	0
seq1510	0	0	0	0	2	0	0	0	0	0	0	0	0	0	0
seq1511	0	0	0	0	2	0	0	0	0	0	0	0	0	0	0
seq1512	0	0	0	0	2	0	0	0	0	0	0	0	0	0	0
seq1513	0	0	0	0	2	0	0	0	0	0	0	0	0	0	0
seq1527	0	0	0	0	0	0	0	0	3	0	0	0	0	0	0
seq1529	0	0	0	0	0	0	0	0	1	0	0	0	0	0	0
seq1536	0	0	0	0	0	0	0	0	0	0	1	0	0	0	0
seq1537	0	0	0	0	0	0	0	0	0	0	1	0	0	0	0
seq1538	0	0	0	0	0	0	0	0	0	0	2	0	0	0	0
seq1544	0	0	0	0	0	0	0	0	0	0	0	1	0	0	0
seq1561	0	0	0	0	0	0	0	0	0	0	0	0	1	0	0
seq1566	0	0	0	0	0	0	0	0	0	0	0	0	0	2	0
seq1576	1	0	0	0	0	0	0	0	0	0	0	0	0	0	0
seq1578	0	1	0	0	0	0	0	0	0	0	0	0	0	0	0
seq1579	0	1	0	0	0	0	0	0	0	0	0	0	0	0	0
seq1580	0	0	1	0	0	0	0	0	0	0	0	0	0	0	0
seq1583	0	0	0	1	0	0	0	0	0	0	0	0	0	0	0
seq1584	0	0	0	1	0	0	0	0	0	0	0	0	0	0	0
seq1586	0	0	0	0	1	0	0	0	0	0	0	0	0	0	0
seq1587	0	0	0	0	1	0	0	0	0	0	0	0	0	0	0
seq1588	0	0	0	0	2	0	0	0	0	0	0	0	0	0	0
seq1594	0	0	0	0	0	2	0	0	0	0	0	0	0	0	0
seq1595	0	0	0	0	0	0	1	0	0	0	0	0	0	0	0
seq1600	0	0	0	0	0	0	0	0	2	0	0	0	0	0	0
seq1601	0	0	0	0	0	0	0	0	2	0	0	0	0	0	0
seq1602	0	0	0	0	0	0	0	0	2	0	0	0	0	0	0
seq1603	0	0	0	0	0	0	0	0	1	0	0	0	0	0	0
seq1610	0	0	0	0	0	0	0	0	0	0	1	0	0	0	0
seq1611	0	0	0	0	0	0	0	0	0	0	2	0	0	0	0
seq1612	0	0	0	0	0	0	0	0	0	0	1	0	0	0	0
seq1622	0	0	0	0	0	0	0	0	0	0	0	2	0	0	0
seq1623	0	0	0	0	0	0	0	0	0	0	0	1	0	0	0
seq1653	0	0	0	0	0	0	0	0	0	0	0	0	0	0	1
seq1654	0	0	0	0	0	0	0	0	0	0	0	0	0	0	1
