18o	5o	13o	6o	14o	15o	9o	16o	1o	8o	17o	2o	10o	3o	11o	4o	12o
seq2	3105	1934	290	2585	512	1066	271	533	10050	1512	2555	7270	215	162	511	1571	5912
seq5	5871	56	3937	0	1999	3598	163	5709	1129	94	1511	1500	1404	568	132	193	1587
seq7	1482	8034	213	1922	435	0	158	228	2488	744	2068	2101	266	96	1740	2731	2050
seq8	0	8	0	0	0	0	0	0	0	0	0	4	0	0	0	0	0
seq9	1688	1277	142	952	225	219	124	196	3320	378	2248	7358	263	342	1364	735	2583
seq10	997	691	2567	0	182	2297	1298	1051	251	722	2369	1041	1562	2272	1149	1321	505
seq12	542	410	2999	2	278	3499	1462	2160	712	427	500	743	1320	1561	772	1588	540
seq13	0	69	4032	0	7281	366	2100	415	200	39	0	128	609	429	984	134	0
seq16	543	235	1015	5	423	982	4746	606	246	450	494	403	1770	851	477	956	146
seq17	1119	329	227	0	353	876	2101	240	34	202	490	32	2195	1483	1116	421	244
seq20	445	715	77	6765	351	0	149	11	669	239	563	557	246	0	674	227	338
seq21	636	433	1321	0	1042	1248	390	894	366	483	748	332	988	472	739	416	195
seq23	273	2750	141	283	167	206	43	878	870	1134	216	694	94	51	370	756	1587
seq25	943	355	399	0	135	458	242	329	328	514	367	702	847	720	1547	670	683
seq26	4	0	0	0	0	0	0	0	0	0	1	0	0	0	0	0	0
seq30	2	0	0	0	0	0	0	0	0	0	0	0	0	0	0	0	0
seq31	57	31	69	0	279	21	9	202	58	5376	175	238	17	91	15	0	0
seq33	97	258	164	0	887	76	2243	138	175	419	104	160	670	820	285	301	898
seq35	445	416	555	0	208	296	289	335	347	877	328	231	1196	681	381	638	163
seq37	0	0	0	2	0	0	0	0	0	0	0	0	0	0	0	0	0
seq38	444	125	214	0	134	622	1150	354	233	194	394	221	1802	302	263	479	128
seq39	207	139	324	200	162	132	490	164	801	117	252	1104	1457	62	637	279	683
seq40	170	0	37	1123	175	77	27	295	81	3766	145	385	37	83	63	0	61
seq41	230	374	184	308	233	231	967	134	385	118	1012	293	1007	161	644	632	151
seq43	472	360	0	1221	40	97	27	47	528	97	546	750	127	0	205	455	1553
seq44	186	53	815	0	1466	814	593	239	0	72	96	24	593	490	279	361	24
seq46	749	174	36	0	352	0	0	86	71	80	581	120	48	4097	0	76	112
seq48	970	94	632	14	348	767	195	234	138	357	300	89	177	1192	219	235	16
seq49	122	204	172	0	1260	280	139	192	252	147	248	534	406	473	280	1396	93
seq50	342	2356	15	422	27	34	24	20	461	451	437	144	34	0	80	333	301
seq52	861	439	0	1935	68	0	0	0	177	129	389	623	43	0	498	150	122
seq55	365	1107	58	222	155	0	40	5	565	76	936	277	0	0	304	141	350
seq58	207	703	12	921	57	0	74	0	694	338	1347	121	72	0	245	80	105
seq59	400	464	22	613	102	80	8	80	436	60	743	252	23	0	179	151	738
seq60	455	95	230	0	447	654	856	127	51	51	94	23	113	838	399	286	24
seq62	76	11	4	0	26	78	7	1462	335	319	72	1812	33	60	0	438	22
seq64	303	64	309	112	348	289	42	856	0	116	261	223	506	0	0	469	261
seq65	215	45	421	0	372	748	387	123	0	114	91	31	541	311	264	130	53
seq70	166	0	0	0	0	88	119	142	0	0	392	0	167	2104	652	235	32
seq71	151	1360	43	399	137	0	0	11	1159	49	184	274	0	0	105	0	112
seq72	80	74	298	0	522	213	380	136	40	47	69	75	447	853	175	86	15
seq73	426	130	96	577	171	0	34	0	355	84	519	0	157	204	285	60	230
seq74	122	265	46	20	125	0	16	5	0	223	905	0	76	88	277	25	968
seq75	0	0	0	0	0	0	338	0	0	31	0	0	99	0	52	0	0
seq76	309	37	16	0	364	172	497	152	19	38	28	4	739	333	150	356	15
seq77	149	49	0	0	0	1108	564	64	77	0	0	50	487	526	100	85	0
seq78	106	0	26	1208	51	33	0	943	146	0	89	350	55	0	364	254	53
seq79	162	0	605	0	0	229	145	562	625	0	130	83	353	56	230	302	52
seq81	267	82	102	0	45	49	69	390	57	283	174	254	153	260	438	132	363
seq84	121	65	137	0	366	55	749	76	94	106	87	60	558	199	76	190	8
seq85	132	31	57	0	340	320	142	210	28	180	262	15	419	448	63	390	31
seq86	323	38	0	0	0	0	0	0	0	15	319	0	0	0	2017	0	0
seq87	420	595	57	163	34	99	50	224	98	158	335	115	224	27	61	182	107
seq88	9	49	0	0	15	99	510	0	0	37	0	0	1765	0	0	24	10
seq90	247	42	151	0	556	200	183	218	40	100	138	52	278	440	95	106	40
seq91	33	16	356	0	238	1129	257	46	119	37	20	24	204	28	172	284	33
seq92	23	138	1003	0	22	41	0	1077	31	17	226	144	28	0	14	284	12
seq93	137	38	397	0	696	75	212	156	46	347	61	40	279	120	59	47	34
seq96	0	89	52	0	337	0	1000	0	58	84	0	56	347	303	149	167	0
seq97	275	17	119	0	92	352	106	477	156	196	0	112	327	35	131	122	80
seq98	201	172	31	100	24	0	0	10	896	16	483	149	16	45	106	0	306
seq99	171	698	0	110	123	132	0	55	333	241	428	95	0	0	81	0	152
seq100	0	79	0	0	0	0	0	0	0	188	201	0	578	48	74	334	894
seq101	71	70	639	0	636	76	204	183	22	43	0	93	107	127	93	129	0
seq103	17	40	0	0	0	0	228	0	0	7	452	5	103	1146	0	1067	92
seq104	57	0	0	2010	0	0	8	0	0	0	0	0	173	0	14	163	49
seq105	0	34	0	0	0	0	0	32	0	1964	0	0	0	0	0	0	0
seq107	52	0	65	644	32	0	0	0	0	0	76	0	0	0	36	0	401
seq108	23	8	0	0	0	57	0	1864	0	0	152	0	16	0	68	0	69
seq109	0	335	1003	0	100	0	0	279	0	532	0	0	0	54	0	0	0
seq110	254	39	80	0	233	312	162	73	25	32	45	16	249	545	112	347	13
seq112	0	0	0	0	0	69	0	52	0	0	19	0	0	0	0	0	0
seq113	0	0	1458	0	63	556	0	289	0	0	0	0	0	0	0	0	0
seq115	220	0	19	493	43	0	20	0	640	0	63	435	35	0	276	235	289
seq116	17	857	0	342	132	0	13	3	0	2	0	0	58	0	101	7	29
seq117	140	105	147	439	31	20	0	43	108	251	109	301	0	0	87	0	376
seq118	82	0	86	0	56	0	156	0	298	0	173	0	198	0	592	386	315
seq119	146	111	235	0	312	105	247	28	0	60	95	20	312	214	110	54	17
seq120	17	0	8	136	49	0	0	15	0	1599	0	14	0	27	0	13	0
seq121	277	74	89	0	237	113	282	69	166	34	113	76	195	138	151	178	26
seq124	46	28	273	0	814	0	8	198	49	69	113	107	15	296	25	300	0
seq125	180	195	0	259	77	37	0	0	137	176	321	41	63	0	0	133	127
seq129	0	11	0	0	0	0	0	0	0	0	0	0	0	0	0	0	0
seq130	142	12	97	73	131	112	42	202	0	625	27	188	55	86	22	160	10
seq132	11	0	0	0	26	25	0	560	34	813	19	332	0	0	0	0	53
seq133	12	725	12	324	24	0	8	0	42	94	149	31	6	7	205	42	173
seq135	187	79	30	760	224	0	21	0	22	44	335	31	15	0	135	0	67
seq136	214	5	47	0	24	856	137	127	0	0	547	0	22	0	0	20	20
seq140	0	0	0	0	546	0	0	35	0	0	0	229	0	305	606	0	22
seq142	0	0	0	1822	0	0	44	0	0	0	0	0	14	0	124	118	329
seq144	65	53	539	0	48	74	258	128	51	46	110	39	30	353	82	91	11
seq146	268	140	0	41	0	0	24	0	477	177	43	302	17	0	0	48	77
seq147	0	29	443	0	132	59	0	258	0	617	48	95	0	0	6	0	0
seq148	29	22	70	0	296	127	6	535	14	195	118	94	4	60	72	161	100
seq149	16	13	63	479	0	154	135	68	919	27	78	0	73	0	55	308	0
seq150	0	0	0	1842	0	0	102	0	0	0	0	0	21	0	0	388	75
seq151	95	51	0	0	0	0	261	0	53	65	83	98	439	121	119	425	0
seq153	227	140	21	172	86	0	0	0	0	173	184	0	0	0	142	0	534
seq154	243	16	120	0	83	130	87	283	90	37	47	85	151	39	168	198	99
seq155	286	0	83	0	0	11	0	1158	20	0	22	23	17	0	0	75	86
seq156	0	702	0	701	0	0	0	0	46	55	0	188	36	0	0	237	89
seq157	37	21	90	0	245	236	402	62	46	27	31	13	96	243	95	54	4
seq158	39	83	705	0	134	70	310	82	17	0	54	13	83	24	62	132	14
seq159	278	206	0	105	31	13	0	4	280	320	134	142	0	20	42	0	80
seq160	0	142	0	0	0	0	7	0	0	1087	0	0	0	0	0	0	0
seq161	48	51	210	497	58	110	0	180	37	30	69	192	89	0	45	293	23
seq164	40	61	325	0	470	109	99	134	0	40	41	0	77	142	92	0	0
seq165	115	15	19	0	52	76	175	24	14	18	116	10	257	346	366	69	0
seq166	59	25	143	0	138	270	184	195	115	59	83	19	29	158	44	156	46
seq169	0	20	0	273	0	0	0	103	68	939	0	61	19	0	0	99	0
seq170	0	0	0	0	0	0	101	0	185	0	0	0	648	0	0	955	108
seq171	0	20	61	0	475	126	220	108	0	20	21	19	60	270	31	89	0
seq174	72	11	84	0	213	115	18	191	220	208	76	184	29	124	28	65	21
seq175	41	0	0	0	0	618	92	149	60	27	61	87	117	91	69	249	58
seq176	0	0	0	0	0	0	0	0	0	0	0	0	0	0	1244	0	65
seq178	43	77	9	1265	205	0	38	0	18	7	0	42	1	0	0	0	29
seq179	0	0	372	0	340	0	0	0	67	0	0	116	0	221	286	0	48
seq181	166	93	87	0	17	126	31	0	158	72	39	39	138	386	205	0	28
seq182	124	431	16	64	60	115	0	28	38	98	101	41	0	0	17	57	118
seq184	43	24	162	0	253	114	37	45	16	25	64	34	164	119	241	48	3
seq186	56	61	852	0	45	47	7	59	0	57	120	13	27	0	9	176	0
seq187	62	41	0	41	54	49	13	293	81	77	108	34	89	48	123	125	165
seq188	120	230	0	193	52	41	0	0	39	44	216	101	0	0	39	26	209
seq190	0	0	0	0	0	0	0	0	0	4	0	0	0	4	856	0	452
seq191	223	124	4	30	7	0	35	0	188	180	26	137	75	14	42	215	131
seq192	73	16	0	0	0	0	618	0	95	12	15	40	97	463	0	0	0
seq193	58	0	129	0	278	0	222	81	0	0	0	0	192	11	31	116	141
seq194	36	0	46	0	109	51	130	90	38	22	94	0	79	44	400	191	0
seq202	0	0	0	0	0	0	0	150	0	0	0	0	0	0	878	0	98
seq203	0	0	0	0	0	0	0	0	0	0	0	0	0	0	0	5	0
seq204	45	0	217	0	257	123	65	49	49	0	0	53	69	202	43	90	2
seq205	38	0	5	26	0	33	4	206	44	6	10	16	13	22	472	68	300
seq206	0	17	0	0	0	0	0	0	0	1004	0	0	0	0	0	0	0
seq208	70	150	5	201	21	46	21	15	97	25	269	99	11	0	34	284	77
seq210	0	21	55	0	69	317	175	101	61	25	22	76	145	15	69	0	7
seq211	3	0	0	1259	0	0	10	4	0	0	37	0	19	0	38	52	23
seq212	18	15	233	0	167	71	152	52	66	33	44	34	59	0	88	265	7
seq215	197	229	15	0	91	0	0	0	130	27	181	81	0	0	54	0	138
seq216	37	11	0	0	0	73	248	54	59	7	82	13	74	148	80	226	13
seq217	0	0	0	0	0	51	0	1090	0	0	0	0	0	0	0	0	0
seq218	182	14	53	0	50	26	35	68	71	109	131	27	81	176	38	81	25
seq219	115	0	0	0	24	0	76	0	320	0	130	0	42	0	0	138	387
seq220	0	47	0	0	0	0	53	0	0	41	150	0	346	0	272	0	177
seq223	0	82	0	0	0	1025	0	6	0	1	0	0	0	0	0	0	0
seq224	24	10	194	0	82	104	208	69	29	11	49	24	67	63	71	79	14
seq225	0	0	60	0	176	147	405	0	0	0	0	0	132	0	71	73	0
seq226	0	0	437	0	88	0	301	148	0	0	0	0	104	0	0	0	0
seq229	25	0	0	282	21	0	16	0	0	0	221	0	22	0	69	338	286
seq231	10	0	16	0	25	0	0	0	0	0	739	0	71	20	67	0	130
seq232	54	17	32	0	188	77	169	40	0	27	0	0	133	171	54	73	0
seq234	15	123	8	108	33	0	3	0	75	65	59	22	24	0	129	88	281
seq236	54	52	0	242	18	0	0	0	0	0	141	42	0	0	70	0	84
seq237	32	129	0	45	19	45	0	0	220	52	98	83	0	26	64	55	248
seq238	0	0	0	0	479	140	68	40	0	0	0	0	40	0	130	0	0
seq240	63	92	130	0	0	0	25	81	85	137	0	0	30	15	90	79	177
seq241	19	16	0	0	49	14	0	360	0	285	64	0	0	0	0	76	0
seq242	131	26	55	32	50	65	0	136	196	0	75	111	36	66	0	133	47
seq243	54	0	17	244	0	0	22	0	183	98	0	128	31	0	0	119	99
seq245	129	146	0	109	43	0	0	0	91	221	0	0	0	0	0	0	191
seq249	200	0	261	0	225	0	0	61	59	0	57	0	0	30	0	0	0
seq251	69	9	131	0	21	53	78	115	47	27	43	53	88	57	23	144	28
seq253	35	20	85	0	259	51	186	52	23	0	24	7	39	117	40	0	0
seq255	12	36	9	0	0	174	0	34	0	0	0	0	33	728	0	102	0
seq256	0	2	0	0	0	0	0	0	0	0	0	0	0	0	0	0	0
seq257	24	18	48	0	127	0	36	0	172	23	24	54	146	47	3	329	0
seq258	0	0	0	0	0	292	227	0	0	0	0	0	257	0	0	0	0
seq260	31	25	25	0	15	41	0	76	80	168	0	238	0	15	0	73	86
seq261	0	32	24	0	68	123	164	47	89	0	110	12	69	23	61	78	0
seq264	0	0	0	0	0	0	0	0	0	0	0	0	0	0	729	0	0
seq267	14	20	79	0	119	209	37	6	24	20	0	16	61	56	25	205	3
seq269	62	87	0	243	25	0	0	0	73	14	273	0	0	0	113	41	41
seq272	0	45	0	0	0	0	469	0	0	11	0	0	22	0	170	0	0
seq273	92	19	88	0	54	0	63	21	0	31	50	0	77	34	198	0	50
seq275	0	17	219	0	42	21	87	16	29	11	0	8	127	31	88	126	6
seq276	13	28	119	0	183	32	154	29	17	5	7	4	29	45	0	122	0
seq277	0	0	0	0	23	0	9	0	25	0	13	7	0	0	22	0	43
seq278	0	0	0	0	0	396	126	127	54	0	0	37	16	0	0	0	0
seq280	33	0	0	0	0	0	0	0	0	45	0	0	0	21	54	0	297
seq281	0	67	0	1	0	647	0	0	0	5	0	0	0	0	0	0	0
seq285	31	341	0	0	0	0	0	0	131	90	0	76	0	0	0	0	0
seq286	18	0	6	0	50	77	0	413	9	0	9	100	0	0	0	31	19
seq287	129	14	0	0	10	0	0	0	31	34	98	105	74	0	58	197	115
seq289	12	41	0	0	45	34	38	0	0	10	0	0	64	471	40	53	0
seq290	28	23	250	0	48	40	92	34	28	30	22	19	14	61	0	39	0
seq291	81	9	26	0	77	92	62	31	16	15	19	0	26	49	56	89	7
seq292	0	36	0	0	107	100	64	44	0	0	16	88	55	49	67	87	0
seq293	0	327	0	0	0	0	0	0	0	37	0	0	0	0	33	0	277
seq295	0	0	38	0	53	142	282	24	0	0	21	0	39	7	0	60	8
seq298	20	29	186	0	13	0	82	118	0	16	203	0	49	0	0	0	0
seq300	56	9	28	0	34	122	71	35	31	22	38	60	44	33	25	41	9
seq301	5	5	0	297	0	0	0	0	0	11	84	0	6	0	223	11	23
seq304	73	27	0	0	0	0	91	0	41	18	45	50	38	134	0	170	0
seq306	0	0	0	0	0	0	0	0	153	308	140	67	0	0	0	0	0
seq307	39	0	47	0	45	150	0	148	0	43	27	48	29	0	0	57	31
seq310	79	6	14	0	48	81	65	59	0	28	23	15	43	37	31	74	8
seq312	55	37	0	41	38	0	0	0	124	28	71	75	0	0	37	0	93
seq313	0	18	0	0	0	25	431	5	0	0	0	0	102	8	0	0	0
seq314	0	45	0	0	0	0	120	0	0	37	0	0	0	10	97	0	0
seq315	0	13	0	0	0	116	131	9	0	46	0	0	104	53	0	119	0
seq316	0	0	26	0	18	47	0	463	0	0	0	24	0	0	7	17	0
seq317	20	84	0	0	7	0	4	0	55	2	103	96	0	0	30	204	33
seq319	0	0	29	0	94	13	0	376	0	0	19	0	2	0	4	49	11
seq320	6	0	0	0	0	178	99	44	0	0	22	0	69	24	57	54	0
seq321	0	32	39	0	346	0	0	0	0	0	0	0	0	181	0	0	0
seq322	13	0	33	0	190	0	81	6	0	0	0	4	69	48	78	0	0
seq323	0	0	0	0	0	0	0	0	0	0	0	0	0	89	150	0	327
seq324	94	126	0	68	10	0	0	0	0	0	262	0	14	0	0	0	0
seq325	110	0	0	0	0	0	79	0	0	0	0	0	149	124	0	134	0
seq327	26	0	19	25	0	0	65	69	0	64	0	0	91	0	143	34	0
seq328	66	25	0	387	0	0	0	0	0	40	75	0	4	0	0	58	0
seq329	35	16	38	0	18	56	0	138	14	8	22	31	0	24	125	43	17
seq330	0	0	0	0	0	34	0	83	0	0	0	0	0	366	46	34	54
seq331	0	5	64	0	40	17	4	114	25	137	0	57	10	0	0	14	54
seq332	0	0	0	0	0	0	0	0	0	0	0	0	0	0	435	0	69
seq333	0	0	0	0	0	0	38	0	0	0	0	0	341	0	0	164	0
seq336	0	0	0	32	0	0	0	0	0	0	0	0	0	0	0	0	0
seq341	0	0	0	0	37	12	0	401	0	0	0	0	0	0	0	47	0
seq343	0	11	0	0	0	0	0	0	0	423	0	0	0	0	0	0	0
seq345	56	0	0	110	24	0	0	0	0	0	69	71	0	0	37	75	105
seq346	0	0	0	0	292	0	0	37	0	0	0	0	0	101	0	0	88
seq347	157	28	0	0	17	0	0	0	0	0	87	0	22	18	74	127	0
seq348	0	0	228	0	0	0	129	38	0	0	0	0	36	0	0	137	0
seq349	0	0	24	0	335	0	0	0	0	0	0	0	0	111	30	0	0
seq350	0	0	0	63	0	0	0	0	0	0	0	0	0	0	33	0	285
seq351	10	134	0	0	0	0	25	0	0	47	0	0	26	0	171	0	19
seq352	43	38	0	0	0	0	0	0	0	12	49	0	0	196	131	0	0
seq354	0	0	0	0	0	0	0	0	0	37	0	0	343	0	0	107	0
seq355	23	116	0	68	16	10	0	0	13	42	60	10	0	0	20	44	29
seq356	0	0	0	0	0	0	354	0	0	0	0	0	0	0	94	0	0
seq359	0	189	0	0	0	0	0	0	0	103	0	0	0	103	0	0	52
seq360	190	15	0	0	0	0	0	0	5	6	18	53	0	0	101	0	52
seq362	0	9	0	0	0	0	0	0	0	9	0	0	3	0	7	183	0
seq364	0	232	0	0	0	88	0	0	0	43	0	0	0	0	0	0	0
seq366	0	32	10	0	0	0	0	0	70	246	25	35	0	11	0	0	0
seq368	13	12	12	0	48	64	35	41	113	23	23	21	41	11	0	19	0
seq369	22	0	358	0	0	0	0	0	41	0	0	0	0	0	0	107	0
seq370	0	0	0	0	0	0	119	0	0	0	123	0	130	0	41	57	0
seq371	0	31	89	0	44	197	45	31	0	0	24	0	0	0	0	0	0
seq372	0	0	0	0	0	0	0	0	0	0	0	0	360	0	0	0	0
seq373	103	2	0	0	0	0	0	0	7	3	0	12	0	366	0	0	0
seq374	0	0	0	0	0	0	0	0	0	0	0	0	0	0	15	0	30
seq375	63	0	0	130	33	0	0	9	13	0	0	66	0	0	0	59	97
seq376	0	0	0	0	0	0	149	0	0	0	0	0	0	0	0	0	0
seq378	0	0	80	0	49	0	0	302	0	0	0	0	0	0	0	24	0
seq380	0	38	36	0	64	38	0	55	0	20	0	0	15	0	6	55	74
seq381	25	12	9	0	5	0	0	0	0	192	34	0	0	5	30	0	72
seq383	0	6	0	0	5	0	0	353	0	0	18	0	0	0	0	0	14
seq384	5	0	34	0	24	94	52	81	0	0	12	0	81	12	0	14	0
seq385	51	19	0	0	0	28	44	19	0	0	82	29	33	26	59	13	16
seq387	0	0	0	0	15	0	83	0	50	12	161	35	51	19	0	67	0
seq388	0	0	0	0	0	0	148	0	0	0	0	0	51	11	111	47	50
seq389	0	0	0	0	0	0	0	0	0	0	0	0	343	0	0	0	0
seq391	15	0	0	147	11	0	0	0	55	0	18	29	4	0	55	51	84
seq392	0	0	0	0	61	0	16	0	0	0	0	0	0	6	63	0	199
seq395	0	13	29	0	23	31	0	37	11	77	0	26	0	134	2	0	35
seq399	0	0	0	0	0	280	0	123	0	0	0	0	0	0	0	0	0
seq401	10	0	0	0	0	0	0	0	47	178	0	27	0	0	0	0	106
seq403	100	0	0	0	0	0	0	0	0	0	390	0	0	0	0	0	0
seq406	63	0	56	0	0	0	0	0	72	56	0	46	36	0	0	109	0
seq408	14	0	26	0	95	19	71	32	41	15	0	32	30	0	0	26	0
seq410	0	18	24	0	22	0	55	12	12	5	0	30	23	4	76	135	0
seq411	38	17	0	0	0	0	20	0	0	8	38	0	89	128	0	0	0
seq412	10	0	0	0	0	0	0	0	0	0	59	0	0	0	254	0	12
seq414	26	10	32	0	85	128	0	28	0	0	0	0	0	40	18	0	0
seq415	0	209	0	0	0	0	0	0	0	48	0	0	0	79	0	0	0
seq416	0	167	0	0	0	57	0	16	0	42	0	0	0	0	0	0	0
seq417	15	177	0	0	0	0	0	0	84	20	12	9	0	0	23	0	23
seq419	25	0	0	101	50	0	0	0	10	16	54	35	18	0	21	16	21
seq421	0	0	0	0	0	0	0	0	0	0	0	0	0	0	0	0	262
seq422	101	16	0	0	0	43	0	27	45	0	0	0	0	31	0	0	0
seq423	0	0	0	0	0	160	0	195	0	0	0	0	0	0	0	0	0
seq424	0	0	0	0	92	163	0	7	0	0	6	0	0	0	0	117	0
seq425	0	0	0	0	0	0	66	0	0	0	0	0	230	0	0	0	0
seq427	10	15	136	0	73	31	0	28	0	0	0	0	0	65	0	0	0
seq430	0	0	0	0	0	110	72	0	0	0	0	0	145	0	0	0	0
seq433	0	0	275	0	56	0	0	34	0	0	0	0	0	0	0	0	0
seq434	0	22	60	0	168	42	0	15	0	19	0	0	0	0	0	0	0
seq435	0	0	0	0	0	0	148	0	0	0	0	0	128	0	0	67	0
seq437	0	36	0	0	0	0	0	0	0	4	21	0	0	0	73	99	76
seq440	0	0	56	0	77	0	47	73	0	32	0	12	0	0	0	54	0
seq441	38	0	8	0	25	33	24	0	0	0	23	47	0	61	20	59	12
seq442	0	0	0	0	0	190	0	122	0	0	29	0	0	0	0	0	0
seq443	20	0	0	0	0	0	0	0	0	0	8	0	0	0	248	0	19
seq444	22	14	0	12	14	6	52	28	0	138	23	0	5	0	4	0	0
seq446	0	0	0	0	0	289	0	0	0	0	0	0	0	0	42	0	12
seq449	20	6	0	0	14	16	52	6	0	7	0	0	43	167	9	20	0
seq450	0	106	0	0	0	0	0	0	0	175	0	0	0	0	0	0	0
seq451	0	3	0	0	0	0	118	0	0	2	0	0	93	14	0	14	0
seq452	0	13	13	0	18	143	10	55	0	0	4	0	11	59	14	0	0
seq453	0	9	76	0	45	0	0	153	14	0	0	35	0	0	0	0	0
seq455	9	0	92	0	41	18	36	11	0	5	0	0	64	0	24	18	0
seq457	0	61	0	0	0	0	0	0	114	21	0	111	0	0	0	0	46
seq459	0	5	14	0	27	0	109	1	10	0	0	0	8	158	0	17	0
seq462	10	0	0	0	0	0	0	0	0	0	25	0	15	47	12	9	148
seq465	33	10	0	10	2	0	0	0	84	0	44	41	0	0	24	20	45
seq467	0	0	0	0	0	301	0	0	0	0	0	0	0	0	0	0	0
seq468	48	89	0	0	0	35	0	0	0	34	79	0	0	0	0	0	0
seq469	0	0	0	0	0	0	0	0	0	80	0	0	0	0	19	25	146
seq471	0	263	0	0	0	0	0	0	0	0	0	0	0	0	0	0	0
seq474	3	0	0	0	0	34	0	26	0	0	62	0	0	0	0	0	0
seq479	8	0	45	0	0	0	0	50	62	21	0	15	0	79	0	36	7
seq480	0	0	0	0	0	0	0	0	0	0	0	0	0	0	0	0	350
seq481	0	0	0	0	0	9	0	232	0	35	0	0	0	0	0	0	0
seq482	0	0	0	0	23	0	102	0	28	0	0	0	0	0	0	69	0
seq487	0	0	0	0	0	239	0	50	0	0	0	0	0	0	0	0	0
seq489	0	17	0	0	0	0	69	0	0	36	0	6	26	21	10	0	0
seq490	174	0	0	0	0	0	0	0	0	0	22	58	0	0	0	0	0
seq491	0	104	0	0	0	0	0	0	0	78	0	0	0	0	0	0	0
seq492	25	10	88	0	16	16	0	53	0	0	0	0	17	27	0	0	0
seq494	0	26	0	0	0	0	38	0	0	0	52	0	12	0	59	0	0
seq495	0	0	0	0	0	0	0	0	0	0	0	0	0	347	0	0	0
seq496	0	0	0	0	0	0	0	0	0	0	0	0	0	183	0	0	0
seq497	20	0	108	0	0	68	0	0	0	0	0	34	0	70	0	0	0
seq498	0	0	0	0	26	0	0	225	0	0	0	0	0	0	0	0	0
seq499	0	0	28	0	43	0	0	0	0	41	86	22	11	21	0	23	0
seq500	18	12	0	17	0	0	0	0	40	4	65	23	0	0	0	49	61
seq503	0	0	64	0	35	17	13	17	0	6	0	0	53	0	0	0	0
seq504	64	0	0	0	0	0	0	0	0	0	87	0	0	0	65	0	47
seq507	2	5	0	0	0	0	17	0	0	9	6	8	0	40	84	49	15
seq508	0	0	0	0	0	16	0	18	0	44	0	0	0	0	0	252	0
seq510	0	6	0	0	0	0	36	0	0	4	0	0	119	36	0	0	0
seq512	196	0	0	0	0	0	0	0	0	0	0	0	0	0	0	0	0
seq513	0	0	0	88	8	0	0	0	0	0	0	0	32	19	0	99	40
seq514	0	0	0	0	0	231	0	1	0	0	0	0	0	0	0	0	0
seq515	0	0	0	0	54	0	41	0	0	0	0	0	0	176	0	0	0
seq516	0	10	5	0	13	0	18	25	12	6	48	13	14	0	14	45	30
seq518	45	0	0	0	27	0	22	0	0	0	0	16	24	0	28	69	0
seq519	31	0	27	0	0	0	0	76	0	0	0	0	19	0	0	111	0
seq520	0	18	0	0	0	0	17	0	0	0	23	0	29	52	41	49	0
seq521	0	0	41	0	42	0	0	0	0	0	0	0	0	96	0	0	0
seq526	32	0	0	0	0	0	0	0	0	0	76	0	0	112	0	0	0
seq528	0	0	0	0	0	0	3	0	0	35	59	0	0	0	0	38	83
seq529	199	0	0	0	0	0	0	0	0	0	0	0	0	0	0	0	0
seq530	9	18	67	0	0	0	0	102	0	0	0	0	0	0	0	37	0
seq531	4	27	0	0	0	0	0	0	0	19	0	0	0	52	0	0	0
seq532	0	0	0	0	0	0	0	0	0	113	93	0	0	0	0	0	29
seq533	0	0	0	0	0	0	0	0	0	0	0	0	0	0	0	0	247
seq534	10	44	0	3	8	0	0	1	20	9	25	9	0	0	24	22	30
seq536	31	4	0	0	10	0	0	0	0	2	39	0	0	0	14	0	63
seq537	18	0	0	162	0	0	0	0	0	3	6	0	0	0	11	17	12
seq538	0	0	0	0	0	0	0	0	0	0	0	0	0	52	97	0	64
seq539	0	0	0	0	0	0	0	0	0	0	0	0	0	0	0	0	237
seq544	0	0	1	0	28	22	6	3	0	0	0	0	19	23	14	0	0
seq545	180	0	0	0	0	0	0	0	0	0	0	0	0	0	0	0	0
seq547	47	0	0	0	0	13	0	0	0	0	26	0	28	25	17	0	10
seq550	0	0	0	0	183	0	0	0	0	0	0	0	0	0	0	0	0
seq551	1	0	34	0	45	0	56	5	0	0	0	5	2	22	3	17	0
seq552	0	8	22	0	0	6	106	0	0	0	5	5	0	0	15	21	0
seq556	0	0	67	0	106	0	0	14	0	0	0	0	0	0	0	0	0
seq558	0	0	0	0	0	137	0	44	0	0	0	0	0	0	0	0	0
seq559	0	0	0	0	0	51	59	0	0	0	0	0	44	0	0	0	0
seq564	0	34	0	0	3	14	0	5	0	7	0	0	0	0	24	0	80
seq568	70	0	0	0	0	0	0	0	0	0	80	50	0	0	0	0	0
seq573	23	0	0	0	0	0	0	0	43	0	29	0	0	96	0	38	0
seq574	0	2	26	0	29	25	5	6	3	2	6	0	2	41	4	60	0
seq575	0	0	0	0	51	0	41	0	0	0	0	0	0	0	48	0	27
seq577	0	0	0	0	0	0	56	25	0	0	0	0	14	0	0	106	0
seq578	25	52	0	0	6	0	0	0	13	0	35	27	0	0	4	0	20
seq579	2	31	0	9	0	0	0	0	0	0	0	0	14	0	0	0	0
seq581	0	0	0	0	0	0	45	0	0	0	0	0	0	158	0	0	0
seq582	12	13	0	0	14	0	0	49	0	40	12	0	0	0	0	0	0
seq583	0	0	0	0	0	0	131	0	0	0	0	0	3	13	0	9	0
seq585	0	0	0	0	0	0	147	0	0	0	0	0	0	0	0	0	0
seq586	0	0	30	0	11	19	8	33	0	34	6	0	6	18	0	0	0
seq588	8	0	0	0	0	0	0	0	124	0	21	42	11	0	6	0	0
seq590	0	0	0	0	0	0	0	0	0	0	41	0	0	0	71	0	53
seq591	0	0	0	0	0	0	0	0	0	51	0	0	0	0	64	0	0
seq592	0	0	0	0	0	104	0	0	0	0	0	0	0	19	13	0	0
seq593	0	0	22	0	88	0	0	0	0	0	0	0	0	0	12	0	0
seq594	42	52	0	0	0	0	0	0	0	0	32	8	0	0	8	0	16
seq596	0	0	0	0	0	0	0	0	0	0	0	0	0	0	78	0	70
seq597	0	0	0	0	0	0	23	0	0	0	0	0	77	0	0	75	0
seq598	43	0	0	0	0	0	0	0	0	0	157	0	0	0	0	0	0
seq600	0	32	0	154	0	0	0	0	0	0	0	0	0	0	0	0	0
seq602	12	33	0	0	0	5	0	0	0	4	0	7	0	0	0	8	9
seq603	0	5	12	0	0	3	76	13	8	0	15	0	0	0	0	25	0
seq604	0	4	0	0	7	0	0	0	0	0	70	0	0	8	0	0	65
seq605	0	0	0	0	0	0	0	0	0	0	0	0	0	39	98	0	0
seq606	0	0	0	0	0	0	0	0	0	0	0	0	0	0	69	0	90
seq608	3	0	0	0	17	20	34	1	2	5	0	0	19	30	5	12	0
seq609	0	0	0	117	0	0	0	0	0	0	0	0	0	0	45	0	0
seq612	0	0	0	0	0	160	0	0	0	0	0	0	0	0	0	0	0
seq614	0	9	2	0	58	0	0	0	0	1	0	0	0	94	0	0	0
seq615	0	0	0	0	0	0	0	0	0	0	0	0	0	0	128	0	0
seq616	0	0	0	0	88	0	0	4	0	0	0	0	0	0	0	0	0
seq617	0	0	0	0	0	0	0	0	0	110	0	0	0	0	0	0	0
seq618	0	0	0	0	0	0	0	0	0	0	0	0	0	0	128	0	0
seq620	8	1	18	0	0	5	10	4	19	6	0	16	29	2	3	0	6
seq621	0	10	0	0	0	0	0	0	45	9	0	28	0	0	18	0	0
seq622	0	0	84	0	0	0	0	36	0	32	0	0	0	0	0	0	0
seq623	0	0	0	0	0	0	0	0	106	0	7	0	0	27	0	79	0
seq625	0	0	0	0	0	66	0	0	0	0	0	0	0	98	0	0	0
seq626	0	0	0	0	0	0	20	0	0	0	0	12	59	20	0	0	0
seq627	120	0	0	0	0	0	0	0	0	0	0	0	0	0	0	0	0
seq629	3	0	17	0	16	16	29	10	0	0	7	6	13	11	0	0	0
seq632	0	0	0	0	0	127	0	0	0	0	0	0	0	0	0	0	0
seq634	0	0	0	0	0	0	0	0	0	0	0	0	0	0	0	0	159
seq637	13	20	0	28	0	0	0	5	0	0	0	0	6	0	3	0	13
seq640	22	0	0	14	0	0	5	0	22	0	32	23	0	0	0	49	0
seq643	0	0	0	0	0	0	0	0	0	0	0	0	0	0	0	0	172
seq648	0	2	0	0	0	0	0	0	4	0	0	26	0	16	0	0	111
seq649	0	0	0	0	0	0	26	0	0	0	0	0	61	0	0	53	0
seq650	0	0	131	0	0	0	0	0	0	0	0	0	0	0	0	0	0
seq652	0	4	0	0	0	69	0	7	0	0	0	0	0	4	0	0	0
seq653	0	0	28	0	54	0	44	0	0	0	0	0	0	0	0	0	0
seq655	0	0	0	0	112	0	0	3	0	0	0	0	0	0	0	0	0
seq657	0	0	35	0	70	0	0	0	0	0	0	0	0	19	0	0	0
seq658	0	0	0	0	0	0	0	0	0	0	0	0	0	0	0	0	155
seq659	0	0	0	0	0	0	0	0	0	0	0	0	0	172	0	0	0
seq661	0	7	43	0	54	2	0	0	11	0	0	0	0	0	0	0	0
seq663	0	0	0	0	0	0	0	0	0	0	0	0	0	134	0	0	0
seq664	0	0	41	0	0	0	0	24	0	40	0	0	0	0	0	0	0
seq665	12	0	0	0	0	0	14	0	0	0	0	0	11	0	0	0	0
seq667	0	0	0	0	0	57	0	60	0	0	0	0	0	0	0	0	0
seq669	0	0	0	0	0	0	0	0	39	0	0	32	0	0	34	0	0
seq671	0	0	0	0	0	0	0	0	0	0	0	133	0	0	0	0	0
seq673	0	0	43	0	29	0	0	9	37	0	0	15	0	0	0	0	0
seq674	0	0	0	0	107	0	0	0	0	0	0	0	0	0	0	0	0
seq675	0	0	0	0	18	0	0	0	0	0	0	0	0	0	0	0	0
seq676	0	0	0	0	0	0	48	0	0	0	16	0	59	0	0	0	0
seq679	92	0	0	0	0	0	0	0	0	0	0	0	0	0	0	0	19
seq680	0	0	0	0	0	46	6	0	20	0	8	6	12	0	0	51	0
seq681	0	6	0	0	0	0	9	0	0	13	26	0	0	0	7	100	0
seq682	0	0	0	0	0	0	0	0	184	0	0	0	0	0	0	0	0
seq685	27	16	13	0	0	0	0	8	0	15	0	8	0	0	0	0	10
seq686	0	0	0	0	0	112	0	0	0	0	0	0	0	0	0	0	0
seq688	0	0	0	0	0	0	0	0	0	0	0	0	0	159	0	0	0
seq689	0	0	0	143	0	0	0	0	0	0	0	0	0	0	0	0	0
seq690	0	0	0	0	0	0	0	0	0	0	0	0	0	0	60	0	49
seq692	0	80	0	0	0	0	0	0	0	0	0	0	0	0	0	0	0
seq693	0	0	0	0	0	117	0	0	0	0	0	0	0	0	0	0	0
seq694	0	0	0	0	0	0	37	0	0	0	0	0	0	48	0	48	0
seq695	0	0	0	0	0	0	0	0	0	0	0	0	0	150	0	0	0
seq696	0	0	0	0	0	0	0	0	0	0	0	0	0	0	92	0	0
seq697	0	0	0	0	0	0	89	0	0	0	0	7	3	0	0	0	0
seq698	0	0	0	0	0	0	0	0	0	0	0	128	0	0	0	0	0
seq700	0	0	0	0	83	0	0	0	0	0	0	0	0	0	13	0	14
seq701	0	0	0	0	18	0	0	0	0	0	0	0	0	0	6	89	0
seq704	0	0	0	0	42	0	0	0	0	0	79	0	0	0	0	0	0
seq705	0	16	0	0	0	0	0	0	0	12	0	0	0	15	0	0	0
seq707	0	0	0	0	0	0	46	0	0	0	0	0	0	0	0	99	0
seq708	42	0	0	0	0	0	0	8	42	21	0	0	0	0	0	0	0
seq709	0	0	0	0	0	0	0	0	0	0	0	0	87	0	0	0	0
seq710	0	0	0	0	0	0	0	0	0	0	0	102	0	0	0	0	0
seq712	0	0	0	0	60	36	0	0	0	0	0	0	0	0	0	0	0
seq715	0	0	0	0	0	0	0	0	0	87	0	0	0	0	0	0	0
seq716	0	0	0	0	0	0	0	0	0	0	0	0	0	68	0	67	0
seq718	8	24	0	21	8	0	0	0	0	3	0	7	0	0	0	9	0
seq719	4	12	0	4	8	0	0	0	0	0	0	0	0	0	40	0	0
seq720	9	15	0	0	0	0	0	0	0	0	26	0	0	74	0	0	0
seq721	0	0	0	11	0	0	0	0	0	0	0	0	11	0	0	77	40
seq722	0	0	0	0	51	0	0	0	0	0	0	0	0	0	33	0	0
seq723	0	0	0	0	0	0	0	0	0	68	0	0	0	0	0	0	0
seq727	0	0	0	0	0	0	0	0	0	0	0	0	0	0	91	0	7
seq728	3	0	0	0	0	0	0	0	0	0	0	0	0	111	10	0	0
seq729	0	0	107	0	0	0	0	0	0	0	0	0	0	0	0	0	0
seq730	0	0	0	0	0	101	0	0	0	0	0	0	0	0	0	0	0
seq731	0	0	0	0	0	0	0	0	0	0	0	104	0	0	0	0	0
seq732	0	0	21	0	77	0	0	0	0	0	0	0	0	0	0	0	0
seq734	0	0	0	123	0	0	0	0	0	0	0	0	0	0	0	0	0
seq735	0	0	0	0	0	25	5	8	0	0	0	0	0	0	0	97	0
seq737	0	3	0	0	0	0	0	0	0	13	0	0	0	0	0	0	0
seq738	0	42	0	0	0	0	33	0	0	0	0	0	0	0	0	0	0
seq739	0	0	27	0	0	0	0	0	0	57	0	0	0	0	0	0	0
seq742	0	0	0	0	0	80	0	9	0	0	0	0	0	0	0	0	0
seq744	34	0	0	0	0	0	0	0	0	0	76	0	0	0	0	0	0
seq745	0	0	0	0	0	0	0	12	0	0	20	0	0	0	0	0	0
seq746	0	0	0	0	0	90	0	0	0	0	0	0	0	0	0	0	0
seq747	83	0	0	0	0	0	0	0	0	0	0	0	0	0	0	0	0
seq749	0	30	0	0	0	0	0	0	0	0	0	0	0	0	0	0	0
seq750	0	64	0	27	0	0	0	0	0	0	0	0	0	0	0	0	0
seq753	0	40	0	15	0	0	0	0	0	3	0	0	0	0	0	0	28
seq754	0	0	0	119	0	0	0	0	0	0	0	0	0	0	0	0	0
seq757	0	0	0	0	0	0	0	0	0	30	0	18	0	46	0	0	0
seq758	13	0	9	0	22	0	0	2	5	0	0	5	0	0	17	0	0
seq759	0	0	0	0	0	47	0	0	0	0	0	0	0	33	0	0	0
seq760	0	0	0	0	0	34	0	0	0	0	0	0	0	0	8	73	0
seq761	0	0	0	0	0	0	0	0	0	0	0	0	0	0	58	0	6
seq763	11	2	0	0	0	6	9	0	4	3	11	0	9	13	0	18	0
seq765	0	70	0	0	0	0	0	0	0	0	0	0	0	0	0	0	0
seq767	0	0	0	0	0	0	0	0	0	0	0	0	64	0	0	0	0
seq768	10	0	35	0	5	12	0	18	0	0	0	0	0	9	0	0	0
seq769	0	6	0	0	0	0	0	0	0	6	0	0	0	65	0	0	0
seq770	0	5	0	0	0	0	0	0	0	21	26	7	0	0	0	0	13
seq771	8	0	0	11	7	0	0	0	0	0	43	5	0	0	4	0	9
seq773	0	0	85	0	0	0	0	0	0	0	0	0	0	0	0	0	0
seq777	0	0	0	0	0	0	0	0	0	0	0	0	0	0	38	0	31
seq778	0	0	0	0	0	28	0	5	0	7	0	0	0	30	0	0	0
seq779	0	0	0	0	0	0	24	0	0	0	0	0	29	0	0	34	0
seq780	0	0	0	0	0	0	0	0	0	0	0	0	0	0	68	0	0
seq786	0	0	0	0	14	0	0	0	0	0	66	0	0	0	0	0	0
seq787	0	0	24	0	13	0	18	0	0	2	0	0	0	0	10	10	0
seq788	0	0	0	49	0	0	0	0	0	0	0	0	0	0	6	0	32
seq789	0	0	0	0	0	0	0	0	0	18	62	0	0	0	0	0	0
seq790	0	0	0	0	0	12	51	0	0	0	0	0	0	0	3	0	0
seq791	0	0	0	0	0	34	0	6	35	0	0	11	0	0	0	0	0
seq794	15	0	0	0	0	0	0	0	0	5	7	0	0	48	0	0	0
seq796	0	0	0	0	0	0	0	0	0	0	0	0	0	0	23	75	0
seq799	0	0	0	0	0	18	19	0	3	0	3	0	10	13	16	0	0
seq800	0	0	0	0	0	0	0	0	0	0	0	0	0	102	0	0	0
seq801	0	0	0	0	0	0	0	0	0	0	0	0	0	0	0	0	94
seq803	0	0	62	0	0	0	0	0	0	0	0	0	0	12	4	0	0
seq804	0	3	0	0	0	0	0	0	0	7	0	0	0	15	0	0	0
seq806	0	60	0	0	0	0	0	0	0	0	0	0	0	0	0	0	0
seq808	22	0	0	0	0	0	0	0	0	0	39	0	0	0	0	0	0
seq809	0	0	0	0	0	0	0	0	0	0	0	0	0	0	61	0	0
seq813	26	25	0	0	0	0	0	0	0	3	0	0	0	0	0	0	0
seq814	0	0	0	0	0	0	0	0	0	0	52	0	0	0	0	0	0
seq818	0	0	36	0	0	3	22	0	0	0	0	0	0	16	0	0	0
seq819	0	0	18	0	17	9	0	12	0	0	0	0	0	0	6	0	0
seq821	0	0	0	0	0	0	10	0	0	0	0	0	48	0	0	0	0
seq822	0	10	0	0	0	0	0	0	0	11	9	3	0	0	0	0	27
seq825	39	0	0	0	0	0	0	0	0	0	0	0	0	0	0	0	0
seq826	14	0	0	0	41	0	0	0	0	0	0	0	0	0	0	0	0
seq827	0	0	0	0	0	0	0	0	0	0	52	0	0	15	0	0	0
seq828	0	0	0	0	42	0	0	0	0	0	24	0	0	0	0	0	0
seq830	0	0	0	0	0	0	0	0	0	0	0	0	0	0	0	111	0
seq831	8	0	0	0	0	0	0	0	0	0	0	15	3	0	0	0	7
seq835	20	0	0	0	0	0	0	0	0	6	20	0	0	7	0	0	23
seq836	0	0	0	0	0	0	44	0	0	0	0	0	0	18	0	0	0
seq837	60	0	0	0	0	0	0	0	0	0	0	0	0	0	0	0	0
seq840	30	0	0	0	0	0	0	0	0	0	3	0	0	13	0	0	0
seq843	14	5	17	0	0	0	0	0	0	0	0	8	5	0	0	12	0
seq848	4	3	0	0	0	0	0	0	0	6	0	0	0	40	0	0	0
seq849	3	0	0	0	0	0	22	0	0	0	0	0	16	6	2	15	0
seq850	0	45	0	0	0	0	0	0	0	0	0	0	0	0	0	0	0
seq851	0	0	0	81	0	0	0	0	0	0	0	0	0	0	0	0	0
seq852	0	0	0	0	0	0	0	0	0	0	0	0	0	77	0	0	0
seq853	0	0	0	0	0	0	0	0	0	0	0	0	0	0	28	0	23
seq855	0	0	0	0	0	41	0	0	0	0	0	0	0	0	0	34	0
seq857	0	0	0	0	16	6	9	3	10	0	0	0	6	5	0	0	0
seq866	0	0	0	0	0	0	0	0	0	0	0	0	0	0	0	0	70
seq868	0	2	0	0	13	10	4	0	0	0	0	0	9	10	0	0	0
seq870	0	0	0	0	0	55	0	0	0	0	0	0	0	0	0	0	0
seq872	47	0	0	0	0	0	0	0	0	0	0	0	0	0	0	0	0
seq874	0	0	0	0	0	47	0	0	0	0	0	0	0	0	0	0	0
seq875	0	0	0	0	0	0	0	46	0	0	0	0	0	0	0	0	0
seq876	0	0	0	0	0	0	0	0	0	0	0	0	0	0	0	0	64
seq877	0	18	0	0	0	0	0	0	0	28	0	0	0	0	0	0	0
seq878	0	3	0	0	0	0	17	0	0	0	0	0	7	0	0	30	0
seq880	0	0	0	0	0	0	0	0	24	0	0	41	0	8	0	0	0
seq881	0	0	0	0	22	0	8	3	0	0	0	0	14	0	0	0	0
seq882	0	0	0	0	0	0	0	0	0	0	0	0	46	0	0	0	0
seq883	0	0	0	0	0	0	0	0	0	0	0	0	0	0	46	0	0
seq884	0	15	0	30	0	0	0	0	0	11	0	0	0	0	0	0	0
seq885	0	0	0	0	0	47	0	0	0	0	0	0	0	0	0	0	0
seq886	0	0	0	0	0	41	0	0	0	0	0	0	0	0	0	11	0
seq887	3	5	3	0	7	16	5	3	0	0	0	0	3	0	1	0	0
seq888	0	0	0	0	0	0	0	0	0	10	0	0	0	0	0	0	0
seq889	15	0	0	0	10	0	0	0	0	0	11	0	0	0	0	0	0
seq890	0	0	0	0	0	0	0	0	0	0	0	0	0	0	0	3	0
seq891	21	0	0	0	0	0	0	0	6	0	3	3	18	0	0	0	0
seq892	0	0	0	0	0	0	0	0	12	0	0	28	0	0	0	0	18
seq894	0	0	0	0	0	17	0	0	21	0	0	20	0	0	0	0	0
seq897	0	22	0	0	0	0	0	0	0	18	0	0	0	0	0	0	0
seq898	0	5	0	0	0	1	0	3	17	3	0	18	0	0	0	0	0
seq899	0	0	0	47	4	0	0	0	0	0	0	0	0	0	0	13	0
seq901	31	0	0	0	0	0	0	0	0	0	15	0	0	0	6	0	0
seq902	0	0	0	0	0	0	0	0	0	0	0	0	0	0	38	0	0
seq905	0	0	0	0	0	9	0	11	0	0	0	15	0	0	0	0	0
seq906	0	0	0	0	0	47	0	0	0	0	0	0	0	0	0	0	0
seq908	0	0	0	0	0	0	0	23	0	0	0	0	0	0	0	36	0
seq909	0	0	0	0	0	0	0	0	0	0	0	0	0	0	36	0	0
seq911	45	0	0	0	0	0	0	0	0	0	0	0	0	0	0	0	0
seq915	0	8	0	11	0	0	0	0	0	0	7	0	0	0	7	0	11
seq920	6	0	6	2	2	0	0	3	0	0	0	0	2	0	0	0	3
seq921	0	0	0	57	0	0	0	0	0	0	0	0	0	0	0	0	0
seq922	0	0	0	0	0	0	0	0	0	0	0	45	0	0	0	0	0
seq924	0	16	0	26	0	0	0	0	0	0	0	0	0	0	0	0	0
seq926	0	0	0	0	0	12	0	8	0	0	16	0	0	0	7	0	0
seq927	0	0	0	0	0	0	0	0	0	0	0	0	0	0	35	0	0
seq931	0	0	0	51	0	0	0	0	0	0	0	0	0	0	0	0	0
seq934	0	0	0	0	0	0	0	0	43	3	7	0	0	0	0	0	0
seq935	0	0	0	0	0	0	0	0	0	0	0	0	0	0	9	45	0
seq939	0	0	0	0	0	0	0	0	0	3	0	0	0	0	0	0	0
seq940	0	0	0	0	0	0	0	0	0	34	0	0	0	0	0	0	0
seq941	0	0	0	0	0	0	0	0	0	0	0	0	29	0	0	0	0
seq943	0	0	0	0	0	33	0	7	0	0	0	0	0	0	0	0	0
seq944	0	0	0	0	0	0	33	0	0	0	0	0	0	0	0	0	0
seq946	0	0	0	0	0	0	0	0	0	0	0	47	0	0	0	0	0
seq949	0	0	5	0	0	0	0	2	0	0	0	0	5	7	0	6	0
seq950	33	0	0	0	0	0	0	0	0	0	0	0	0	0	0	0	0
seq953	0	0	0	0	0	0	0	0	0	0	0	37	0	0	0	0	0
seq954	0	0	0	0	0	0	26	0	0	0	0	0	0	0	0	17	0
seq955	0	0	0	0	0	0	0	0	0	0	7	0	0	0	13	0	19
seq956	2	0	0	0	0	0	0	0	0	0	20	0	0	8	0	0	0
seq957	0	0	0	3	0	0	0	0	0	0	0	0	0	0	0	3	0
seq959	0	0	0	0	0	0	0	0	0	0	0	0	0	0	0	0	42
seq960	2	0	0	0	0	0	0	0	0	0	0	0	0	22	0	0	0
seq961	0	0	0	0	0	0	34	0	0	0	0	0	0	0	0	0	0
seq962	0	0	0	0	0	0	0	0	0	0	0	0	0	45	0	0	0
seq965	0	0	0	0	0	0	0	0	0	0	0	0	0	3	3	0	0
seq969	0	0	0	0	0	0	0	0	0	0	0	0	0	12	0	0	0
seq972	0	0	0	0	0	0	0	0	0	0	0	36	0	0	0	0	0
seq973	3	5	0	0	0	0	0	0	0	0	5	2	0	0	7	14	0
seq974	0	0	0	0	12	0	0	14	0	0	0	0	0	0	0	0	0
seq975	0	0	0	0	0	0	0	29	0	0	0	0	0	0	0	0	0
seq976	0	0	0	0	0	0	0	21	0	0	0	0	0	0	0	0	15
seq978	0	0	0	0	0	0	0	0	0	0	0	0	0	38	0	0	0
seq980	0	0	0	0	0	0	0	0	45	0	0	0	0	0	0	0	0
seq981	4	0	0	0	0	0	0	0	0	0	0	0	5	0	0	0	0
seq982	0	0	0	0	0	0	0	0	0	0	0	0	0	0	0	0	41
seq985	0	0	0	0	24	0	0	0	0	0	0	0	0	0	0	0	0
seq988	0	0	0	0	0	0	0	0	0	28	0	0	0	0	0	0	0
seq989	0	0	0	0	0	0	0	0	0	0	0	0	0	40	0	0	0
seq990	0	4	0	0	0	0	0	0	0	14	0	0	0	14	0	0	0
seq991	0	0	0	0	7	0	8	0	0	0	0	0	2	8	5	0	0
seq995	0	0	0	0	0	0	0	27	0	0	0	0	0	0	0	0	0
seq996	0	0	0	0	0	0	0	0	44	0	0	0	0	0	0	0	0
seq997	0	0	0	0	0	0	0	0	0	0	0	0	26	0	0	0	0
seq998	0	0	0	0	5	0	0	0	0	0	0	0	0	0	0	0	29
seq999	0	0	0	0	0	0	0	0	0	0	0	0	18	0	0	0	0
seq1000	15	0	0	0	0	0	0	0	15	0	0	0	0	0	0	0	0
seq1003	26	0	0	0	0	0	0	0	0	0	12	0	0	0	0	0	0
seq1005	0	0	0	0	0	25	0	0	0	0	0	0	0	0	0	0	0
seq1006	0	0	0	0	0	0	0	0	0	0	0	0	15	0	0	19	0
seq1007	0	0	0	0	0	0	0	0	0	0	39	0	0	0	0	0	0
seq1010	26	0	0	0	0	0	0	0	0	0	0	0	0	0	0	0	0
seq1011	9	0	0	0	0	0	0	0	0	0	22	0	0	0	0	0	0
seq1012	0	0	0	0	22	0	0	0	0	0	0	0	0	0	0	0	0
seq1014	0	0	0	0	8	0	0	0	0	0	0	0	11	0	0	0	0
seq1020	0	0	0	8	0	0	0	0	0	12	0	0	0	0	0	0	0
seq1021	4	0	5	0	0	0	0	0	2	0	0	0	0	14	0	4	0
seq1022	0	0	0	0	0	0	0	0	0	0	18	0	0	0	0	0	0
seq1025	0	0	0	0	0	20	0	0	0	0	0	0	0	0	0	0	0
seq1029	0	0	0	0	0	0	0	0	0	0	0	0	0	0	15	0	0
seq1030	0	0	0	0	0	0	0	0	0	0	0	0	0	12	0	0	0
seq1031	0	22	0	0	0	0	0	0	0	0	0	0	0	0	0	0	0
seq1032	0	0	0	0	9	0	0	5	0	6	0	0	0	0	0	0	0
seq1033	0	0	0	0	0	5	0	17	0	0	0	0	0	0	0	0	0
seq1035	0	0	0	0	0	0	0	0	0	0	0	0	0	0	17	0	0
seq1037	0	0	0	32	0	0	0	0	0	0	0	0	0	0	0	0	0
seq1038	0	0	0	0	0	0	0	0	0	0	0	0	0	30	0	0	0
seq1041	8	0	0	0	0	0	0	0	0	0	9	0	0	0	0	0	0
seq1042	0	0	0	11	0	0	0	0	0	1	0	0	0	0	0	0	0
seq1043	0	0	14	0	8	0	0	0	0	0	0	0	0	0	0	0	0
seq1045	0	0	0	0	0	0	0	0	0	0	0	24	0	0	0	0	0
seq1046	0	0	0	0	0	0	0	0	0	0	0	0	0	0	18	0	0
seq1047	0	0	0	0	0	0	0	0	0	0	0	0	0	0	0	0	26
seq1048	20	0	0	0	0	0	0	0	0	0	0	0	0	0	0	0	0
seq1049	2	0	0	0	4	0	0	9	0	0	0	0	0	0	0	0	0
seq1051	0	0	0	0	0	17	0	0	0	0	0	0	0	0	0	0	0
seq1055	0	0	21	0	0	0	0	0	0	0	0	0	0	0	0	0	0
seq1056	0	0	0	0	0	18	0	0	0	0	0	0	0	0	0	0	0
seq1058	0	2	0	0	0	0	13	0	0	0	0	0	0	0	0	0	0
seq1059	0	0	0	0	0	17	0	0	0	0	0	0	0	0	0	0	0
seq1061	0	0	0	0	0	0	0	0	0	0	23	0	0	0	0	0	0
seq1062	0	0	0	0	0	0	0	0	0	0	0	0	0	0	13	0	0
seq1063	0	0	0	0	0	0	0	0	0	0	0	0	0	0	0	0	23
seq1065	5	0	0	0	0	0	0	0	0	0	0	0	0	0	0	0	0
seq1067	0	3	0	0	0	5	0	0	0	0	0	0	6	0	0	0	0
seq1069	0	0	0	0	0	0	0	0	0	0	0	0	15	0	0	0	0
seq1070	0	3	0	0	0	0	0	0	0	0	0	0	0	0	0	0	0
seq1072	0	19	0	0	0	0	0	0	0	0	0	0	0	0	0	0	0
seq1076	0	0	0	0	0	0	0	0	11	0	0	12	0	0	0	0	0
seq1077	0	0	0	0	0	0	0	0	0	0	0	0	0	0	0	0	23
seq1078	0	0	0	0	0	0	0	0	0	3	0	0	0	0	0	0	0
seq1080	0	9	0	8	0	0	0	0	0	0	0	0	0	0	0	0	0
seq1081	0	0	0	24	0	0	0	0	0	0	0	0	0	0	0	0	0
seq1084	0	0	0	0	0	0	6	0	4	0	0	0	0	7	0	0	0
seq1085	8	0	0	0	0	10	0	0	0	0	0	0	0	0	0	0	0
seq1087	0	0	0	0	5	0	0	0	0	0	0	0	0	6	0	11	0
seq1088	0	0	0	0	0	0	0	0	0	15	0	0	0	0	0	0	0
seq1089	0	0	0	0	0	0	0	0	0	0	0	0	0	0	0	0	21
seq1093	9	0	0	0	0	0	0	0	0	0	0	0	4	0	0	0	0
seq1094	0	0	0	0	0	0	0	0	0	0	0	0	0	0	0	0	3
seq1095	0	0	0	0	0	17	0	0	0	0	0	0	0	0	0	0	0
seq1096	0	0	0	0	0	0	0	0	0	0	0	0	12	0	0	13	0
seq1097	0	0	0	0	0	0	0	0	0	0	0	0	0	17	0	0	3
seq1098	0	0	0	0	0	0	0	0	0	0	0	0	0	12	0	0	0
seq1101	0	0	0	0	0	0	0	0	0	0	16	0	0	0	0	0	0
seq1104	0	0	0	0	0	0	0	0	0	0	0	0	0	19	0	0	0
seq1105	0	0	0	0	0	0	0	0	0	0	0	0	0	0	0	0	20
seq1107	14	0	0	0	0	0	0	0	0	0	0	0	0	0	0	0	0
seq1108	0	0	0	0	0	0	0	0	0	0	0	0	0	15	0	0	0
seq1110	0	0	0	0	0	7	0	0	0	0	0	0	0	0	0	0	0
seq1111	0	0	0	0	0	7	0	0	0	0	0	5	1	0	0	0	0
seq1112	0	0	0	0	0	0	0	0	0	0	0	0	0	0	14	0	0
seq1113	0	0	0	21	0	0	0	0	0	0	0	0	0	0	0	0	0
seq1116	0	0	0	0	0	0	0	0	0	0	0	0	0	0	14	0	0
seq1118	8	0	0	0	0	0	0	0	0	4	0	0	0	0	0	0	0
seq1119	6	0	0	0	0	0	0	0	0	0	0	0	0	0	0	0	0
seq1122	0	0	0	0	0	16	0	0	0	0	0	0	0	0	0	0	0
seq1125	4	0	0	0	0	0	0	0	0	0	0	0	0	14	0	0	0
seq1128	0	0	0	0	0	8	0	3	0	0	0	0	0	0	0	0	0
seq1130	0	0	0	0	0	0	0	0	0	0	0	0	0	0	8	0	0
seq1131	0	0	0	0	0	12	0	0	0	0	0	0	0	0	0	0	0
seq1132	0	4	0	0	0	0	0	0	0	2	0	0	0	6	0	0	0
seq1134	0	0	0	0	0	0	0	16	0	0	0	0	0	0	0	0	0
seq1137	0	0	0	0	0	0	0	0	0	0	0	0	0	19	0	0	0
seq1142	0	0	0	0	0	13	0	0	0	0	0	0	0	0	0	0	0
seq1143	0	0	0	0	0	12	0	0	0	0	0	0	0	0	0	0	0
seq1146	0	0	0	0	0	0	0	0	0	0	0	12	0	0	0	0	0
seq1148	0	0	0	0	0	2	0	0	0	0	0	0	0	0	1	0	0
seq1149	14	0	0	0	0	0	0	0	0	0	0	0	0	0	0	0	0
seq1153	0	0	0	0	0	0	0	0	0	9	0	0	0	0	0	0	0
seq1154	0	0	0	0	0	0	0	0	0	0	0	0	0	0	9	0	0
seq1158	0	8	0	0	0	0	0	0	0	0	0	0	0	0	0	0	0
seq1159	0	0	0	3	0	0	2	0	0	0	0	0	3	0	0	0	0
seq1163	0	0	0	0	0	0	0	11	0	0	0	0	0	0	0	0	0
seq1164	0	0	0	0	0	0	0	0	0	0	0	0	7	0	0	0	0
seq1165	0	0	0	0	0	0	0	0	0	0	0	0	0	2	0	14	0
seq1166	0	0	0	0	0	0	0	0	0	0	0	0	0	0	10	0	0
seq1167	4	0	0	0	0	0	0	0	0	0	0	7	0	0	0	0	0
seq1168	0	0	0	0	0	0	0	0	0	4	0	0	0	0	0	0	0
seq1170	0	0	0	0	0	0	0	0	0	0	0	0	0	13	0	0	0
seq1171	0	0	0	0	0	0	0	0	0	0	0	0	0	8	4	0	0
seq1174	0	9	0	0	0	0	0	0	0	0	0	0	0	0	0	0	0
seq1176	0	0	0	0	0	0	0	10	0	0	0	0	0	0	0	0	0
seq1177	0	0	0	0	0	0	0	0	0	5	0	0	0	0	0	0	0
seq1178	0	0	0	0	0	0	0	0	0	1	0	2	1	0	0	0	4
seq1181	8	0	0	0	0	0	0	0	0	0	0	0	0	0	0	0	0
seq1182	4	0	0	0	0	0	0	0	0	0	0	0	0	0	0	0	0
seq1188	0	0	0	0	0	5	0	0	0	0	0	0	0	0	0	0	0
seq1189	0	0	0	0	0	0	0	0	0	0	0	0	5	0	0	0	0
seq1190	0	0	0	0	0	0	10	0	0	0	0	0	0	0	0	0	0
seq1191	0	0	0	0	0	0	0	0	0	7	0	0	0	0	0	0	0
seq1193	0	0	0	0	0	0	0	0	0	0	0	0	4	0	0	0	0
seq1194	0	0	0	0	0	0	0	0	0	0	0	0	0	15	0	0	0
seq1197	11	0	0	0	0	0	0	0	0	0	0	0	0	0	0	0	0
seq1198	5	0	0	0	0	0	0	0	0	0	0	0	0	0	0	0	0
seq1200	0	0	0	12	0	0	0	0	0	0	0	0	0	0	0	0	0
seq1201	0	0	0	0	0	4	0	0	0	0	0	0	0	0	0	0	0
seq1202	0	0	0	0	0	11	0	0	0	0	0	0	0	0	0	0	0
seq1203	0	0	0	0	0	0	4	0	0	0	0	0	0	0	0	0	0
seq1205	0	0	0	0	0	0	0	0	0	0	11	0	0	0	0	0	0
seq1207	0	9	0	0	0	0	0	0	0	0	0	0	0	0	0	0	0
seq1213	0	0	0	0	0	0	4	0	0	3	0	0	0	0	0	0	0
seq1217	0	0	0	0	0	0	0	0	0	0	0	0	0	11	0	0	0
seq1218	0	0	0	0	0	0	0	0	0	0	0	0	0	0	8	0	0
seq1219	0	0	0	0	0	0	0	0	0	0	0	0	0	0	8	0	0
seq1220	0	0	0	0	0	0	0	0	0	0	0	0	0	0	0	13	0
seq1222	2	0	0	0	0	0	0	0	0	0	4	0	0	0	0	0	0
seq1226	0	3	0	0	0	0	0	0	0	0	0	0	0	0	0	0	0
seq1229	0	0	0	0	0	6	0	0	0	0	0	0	0	0	0	0	0
seq1232	0	0	0	0	0	0	0	0	0	9	0	0	0	0	0	0	0
seq1234	0	0	0	0	0	0	0	0	0	0	0	0	0	10	0	0	0
seq1235	0	0	0	0	0	0	0	0	0	0	0	0	0	9	0	0	0
seq1236	0	0	0	0	0	0	0	0	0	0	0	0	0	0	8	0	0
seq1240	0	0	0	0	0	0	0	0	0	0	0	0	0	0	0	3	0
seq1241	0	5	0	0	0	0	0	0	0	0	0	0	0	0	0	0	0
seq1242	0	4	0	0	0	0	0	0	0	0	0	0	0	0	0	0	0
seq1243	0	7	0	0	0	0	0	0	0	0	0	0	0	0	0	0	0
seq1244	0	5	0	0	0	0	0	0	0	0	0	0	0	0	0	0	0
seq1246	0	0	0	0	0	0	5	0	0	0	0	0	0	0	0	0	0
seq1247	0	0	0	0	0	0	0	7	0	0	0	0	0	0	0	0	0
seq1249	0	0	0	0	0	0	0	0	0	5	0	0	0	0	0	0	0
seq1250	0	0	0	0	0	0	0	0	0	5	0	0	0	0	0	0	0
seq1251	0	0	0	0	0	0	0	0	0	0	8	0	0	0	0	0	0
seq1252	0	0	0	0	0	0	0	0	0	0	0	4	0	0	2	0	0
seq1253	0	0	0	0	0	0	0	0	0	0	0	0	3	0	0	0	0
seq1254	0	0	0	0	0	0	0	0	0	0	0	0	0	11	0	0	0
seq1256	0	0	0	0	0	0	0	0	0	0	0	0	0	0	0	11	0
seq1259	5	0	0	0	0	0	0	0	0	0	0	0	0	0	0	0	0
seq1263	0	0	3	0	0	0	0	1	0	0	0	0	0	0	0	0	0
seq1264	0	0	0	0	4	0	0	0	0	0	0	0	0	0	0	0	0
seq1267	0	0	0	0	0	8	0	0	0	0	0	0	0	0	0	0	0
seq1270	0	0	0	0	0	0	8	0	0	0	0	0	0	0	0	0	0
seq1272	0	0	0	0	0	0	0	0	0	0	8	0	0	0	0	0	0
seq1273	0	0	0	0	0	0	0	0	0	0	10	0	0	0	0	0	0
seq1276	0	0	0	0	0	0	0	0	0	0	0	2	0	0	0	8	0
seq1277	0	0	0	0	0	0	0	0	0	0	0	0	4	0	0	0	0
seq1279	0	0	0	3	0	0	0	0	0	0	0	0	0	0	0	0	0
seq1280	0	0	7	0	0	0	0	0	0	0	0	0	0	0	0	0	0
seq1281	0	0	4	0	0	0	0	0	0	0	0	0	0	0	0	0	0
seq1283	0	0	0	0	0	5	0	0	0	0	0	0	0	0	0	0	0
seq1287	0	0	0	0	0	0	0	0	9	0	0	0	0	0	0	0	0
seq1288	0	0	0	0	0	0	0	0	0	0	0	7	0	0	0	0	0
seq1289	0	0	0	0	0	0	0	0	0	0	0	0	0	6	0	0	0
seq1290	0	0	0	0	0	0	0	0	0	0	0	0	0	7	0	0	0
seq1291	0	0	0	0	0	0	0	0	0	0	0	0	0	0	0	0	8
seq1294	6	0	0	0	0	0	0	0	0	0	0	0	0	0	0	0	0
seq1295	3	0	0	0	0	0	0	0	0	0	0	0	0	0	0	0	0
seq1296	2	0	0	0	0	0	0	0	0	0	0	0	0	0	0	0	0
seq1304	0	6	0	0	0	0	0	0	0	0	0	0	0	0	0	0	0
seq1305	0	6	0	0	0	0	0	0	0	0	0	0	0	0	0	0	0
seq1306	0	6	0	0	0	0	0	0	0	0	0	0	0	0	0	0	0
seq1307	0	0	0	6	0	0	0	0	0	0	0	0	0	0	0	0	0
seq1308	0	0	0	7	0	0	0	0	0	0	0	0	0	0	0	0	0
seq1309	0	0	0	8	0	0	0	0	0	0	0	0	0	0	0	0	0
seq1310	0	0	0	5	0	0	0	0	0	0	0	0	0	0	0	0	0
seq1311	0	0	0	0	4	0	0	0	0	0	0	0	0	0	0	0	0
seq1312	0	0	0	0	6	0	0	0	0	0	0	0	0	0	0	0	0
seq1314	0	0	0	0	0	5	0	0	0	0	0	0	0	0	0	0	0
seq1315	0	0	0	0	0	4	0	0	0	0	0	0	0	0	0	0	0
seq1317	0	0	0	0	0	0	0	4	0	0	0	0	0	0	0	0	0
seq1320	0	0	0	0	0	0	0	0	0	4	0	0	0	0	0	0	0
seq1324	0	0	0	0	0	0	0	0	0	0	0	0	0	0	0	8	0
seq1325	0	0	0	0	0	0	0	0	0	0	0	0	0	0	0	8	0
seq1327	5	0	0	0	0	0	0	0	0	0	0	0	0	0	0	0	0
seq1328	4	0	0	0	0	0	0	0	0	0	0	0	0	0	0	0	0
seq1331	0	2	0	0	0	0	0	0	0	0	0	0	0	0	0	0	0
seq1332	0	4	0	0	0	0	0	0	0	0	0	0	0	0	0	0	0
seq1333	0	0	4	0	0	0	0	0	0	0	0	0	0	0	0	0	0
seq1334	0	0	4	0	0	0	0	0	0	0	0	0	0	0	0	0	0
seq1335	0	0	0	5	0	0	0	0	0	0	0	0	0	0	0	0	0
seq1339	0	0	0	0	0	3	0	0	0	0	0	0	0	0	0	0	0
seq1340	0	0	0	0	0	2	0	0	0	0	0	0	0	0	0	0	0
seq1341	0	0	0	0	0	2	0	0	0	0	0	0	0	0	0	0	0
seq1342	0	0	0	0	0	3	0	0	0	0	0	0	0	0	0	0	0
seq1343	0	0	0	0	0	4	0	0	0	0	0	0	0	0	0	0	0
seq1347	0	0	0	0	0	0	4	0	0	0	0	0	0	0	0	0	0
seq1348	0	0	0	0	0	0	4	0	0	0	0	0	0	0	0	0	0
seq1349	0	0	0	0	0	0	5	0	0	0	0	0	0	0	0	0	0
seq1350	0	0	0	0	0	0	0	0	7	0	0	0	0	0	0	0	0
seq1351	0	0	0	0	0	0	0	0	0	4	0	0	0	0	0	0	0
seq1352	0	0	0	0	0	0	0	0	0	4	0	0	0	0	0	0	0
seq1353	0	0	0	0	0	0	0	0	0	6	0	0	0	0	0	0	0
seq1354	0	0	0	0	0	0	0	0	0	0	6	0	0	0	0	0	0
seq1355	0	0	0	0	0	0	0	0	0	0	6	0	0	0	0	0	0
seq1356	0	0	0	0	0	0	0	0	0	0	0	4	0	0	0	0	0
seq1358	0	0	0	0	0	0	0	0	0	0	0	0	0	7	0	0	0
seq1359	0	0	0	0	0	0	0	0	0	0	0	0	0	0	2	0	0
seq1360	0	0	0	0	0	0	0	0	0	0	0	0	0	0	3	0	0
seq1361	0	0	0	0	0	0	0	0	0	0	0	0	0	0	0	0	4
seq1362	0	0	0	0	0	0	0	0	0	0	0	0	0	0	0	0	6
seq1367	4	0	0	0	0	0	0	0	0	0	0	0	0	0	0	0	0
seq1368	4	0	0	0	0	0	0	0	0	0	0	0	0	0	0	0	0
seq1374	0	2	0	0	0	0	0	0	0	0	0	0	0	0	0	0	0
seq1375	0	4	0	0	0	0	0	0	0	0	0	0	0	0	0	0	0
seq1376	0	0	4	0	0	0	0	0	0	0	0	0	0	0	0	0	0
seq1377	0	0	4	0	0	0	0	0	0	0	0	0	0	0	0	0	0
seq1378	0	0	4	0	0	0	0	0	0	0	0	0	0	0	0	0	0
seq1379	0	0	0	4	0	0	0	0	0	0	0	0	0	0	0	0	0
seq1380	0	0	0	5	0	0	0	0	0	0	0	0	0	0	0	0	0
seq1381	0	0	0	5	0	0	0	0	0	0	0	0	0	0	0	0	0
seq1384	0	0	0	0	0	3	0	0	0	0	0	0	0	0	0	0	0
seq1385	0	0	0	0	0	5	0	0	0	0	0	0	0	0	0	0	0
seq1390	0	0	0	0	0	0	0	4	0	0	0	0	0	0	0	0	0
seq1391	0	0	0	0	0	0	0	2	0	0	0	0	0	0	0	0	0
seq1392	0	0	0	0	0	0	0	0	5	0	0	0	0	0	0	0	0
seq1393	0	0	0	0	0	0	0	0	6	0	0	0	0	0	0	0	0
seq1394	0	0	0	0	0	0	0	0	0	4	0	0	0	0	0	0	0
seq1395	0	0	0	0	0	0	0	0	0	2	0	0	0	0	0	0	0
seq1396	0	0	0	0	0	0	0	0	0	0	5	0	0	0	0	0	0
seq1398	0	0	0	0	0	0	0	0	0	0	0	0	1	0	0	0	0
seq1400	0	0	0	0	0	0	0	0	0	0	0	0	0	0	5	0	0
seq1401	0	0	0	0	0	0	0	0	0	0	0	0	0	0	1	0	0
seq1405	4	0	0	0	0	0	0	0	0	0	0	0	0	0	0	0	0
seq1406	3	0	0	0	0	0	0	0	0	0	0	0	0	0	0	0	0
seq1407	4	0	0	0	0	0	0	0	0	0	0	0	0	0	0	0	0
seq1415	0	3	0	0	0	0	0	0	0	0	0	0	0	0	0	0	0
seq1416	0	4	0	0	0	0	0	0	0	0	0	0	0	0	0	0	0
seq1417	0	2	0	0	0	0	0	0	0	0	0	0	0	0	0	0	0
seq1418	0	1	0	0	0	0	0	0	0	0	0	0	0	0	0	0	0
seq1419	0	3	0	0	0	0	0	0	0	0	0	0	0	0	0	0	0
seq1420	0	1	0	0	0	0	0	0	0	0	0	0	0	0	0	0	0
seq1421	0	0	0	5	0	0	0	0	0	0	0	0	0	0	0	0	0
seq1425	0	0	0	0	0	4	0	0	0	0	0	0	0	0	0	0	0
seq1426	0	0	0	0	0	4	0	0	0	0	0	0	0	0	0	0	0
seq1430	0	0	0	0	0	0	2	0	0	0	0	0	0	0	0	0	0
seq1431	0	0	0	0	0	0	0	2	0	0	0	0	0	0	0	0	0
seq1434	0	0	0	0	0	0	0	0	0	3	0	0	0	0	0	0	0
seq1435	0	0	0	0	0	0	0	0	0	2	0	0	0	0	0	0	0
seq1436	0	0	0	0	0	0	0	0	0	4	0	0	0	0	0	0	0
seq1439	0	0	0	0	0	0	0	0	0	0	0	5	0	0	0	0	0
seq1440	0	0	0	0	0	0	0	0	0	0	0	0	2	0	0	0	0
seq1441	0	0	0	0	0	0	0	0	0	0	0	0	1	0	0	0	0
seq1442	0	0	0	0	0	0	0	0	0	0	0	0	2	0	0	0	0
seq1443	0	0	0	0	0	0	0	0	0	0	0	0	0	0	2	0	0
seq1444	0	0	0	0	0	0	0	0	0	0	0	0	0	0	2	0	0
seq1445	0	0	0	0	0	0	0	0	0	0	0	0	0	0	3	0	0
seq1446	0	0	0	0	0	0	0	0	0	0	0	0	0	0	3	0	0
seq1448	0	0	0	0	0	0	0	0	0	0	0	0	0	0	0	5	0
seq1449	0	0	0	0	0	0	0	0	0	0	0	0	0	0	0	5	0
seq1453	3	0	0	0	0	0	0	0	0	0	0	0	0	0	0	0	0
seq1454	1	0	0	0	0	0	0	0	0	0	0	0	0	0	0	0	0
seq1455	1	0	0	0	0	0	0	0	0	0	0	0	0	0	0	0	0
seq1456	2	0	0	0	0	0	0	0	0	0	0	0	0	0	0	0	0
seq1457	3	0	0	0	0	0	0	0	0	0	0	0	0	0	0	0	0
seq1458	1	0	0	0	0	0	0	0	0	0	0	0	0	0	0	0	0
seq1462	0	1	0	0	0	0	0	0	0	0	0	0	0	0	0	0	0
seq1463	0	1	0	0	0	0	0	0	0	0	0	0	0	0	0	0	0
seq1465	0	0	0	4	0	0	0	0	0	0	0	0	0	0	0	0	0
seq1466	0	0	0	3	0	0	0	0	0	0	0	0	0	0	0	0	0
seq1467	0	0	0	0	3	0	0	0	0	0	0	0	0	0	0	0	0
seq1468	0	0	0	0	2	0	0	0	0	0	0	0	0	0	0	0	0
seq1473	0	0	0	0	0	1	0	0	0	0	0	0	0	0	0	0	0
seq1474	0	0	0	0	0	2	0	0	0	0	0	0	0	0	0	0	0
seq1475	0	0	0	0	0	3	0	0	0	0	0	0	0	0	0	0	0
seq1476	0	0	0	0	0	0	3	0	0	0	0	0	0	0	0	0	0
seq1477	0	0	0	0	0	0	0	2	0	0	0	0	0	0	0	0	0
seq1478	0	0	0	0	0	0	0	3	0	0	0	0	0	0	0	0	0
seq1479	0	0	0	0	0	0	0	2	0	0	0	0	0	0	0	0	0
seq1480	0	0	0	0	0	0	0	4	0	0	0	0	0	0	0	0	0
seq1481	0	0	0	0	0	0	0	1	0	0	0	0	0	0	0	0	0
seq1482	0	0	0	0	0	0	0	3	0	0	0	0	0	0	0	0	0
seq1484	0	0	0	0	0	0	0	0	4	0	0	0	0	0	0	0	0
seq1485	0	0	0	0	0	0	0	0	0	4	0	0	0	0	0	0	0
seq1486	0	0	0	0	0	0	0	0	0	0	2	0	0	0	0	0	0
seq1487	0	0	0	0	0	0	0	0	0	0	2	0	0	0	0	0	0
seq1489	0	0	0	0	0	0	0	0	0	0	0	2	0	0	0	0	0
seq1490	0	0	0	0	0	0	0	0	0	0	0	0	1	0	0	0	0
seq1491	0	0	0	0	0	0	0	0	0	0	0	0	3	0	0	0	0
seq1492	0	0	0	0	0	0	0	0	0	0	0	0	0	4	0	0	0
seq1493	0	0	0	0	0	0	0	0	0	0	0	0	0	0	4	0	0
seq1495	0	0	0	0	0	0	0	0	0	0	0	0	0	0	0	4	0
seq1496	0	0	0	0	0	0	0	0	0	0	0	0	0	0	0	0	3
seq1497	0	0	0	0	0	0	0	0	0	0	0	0	0	0	0	0	3
seq1502	2	0	0	0	0	0	0	0	0	0	0	0	0	0	0	0	0
seq1514	0	2	0	0	0	0	0	0	0	0	0	0	0	0	0	0	0
seq1515	0	1	0	0	0	0	0	0	0	0	0	0	0	0	0	0	0
seq1516	0	1	0	0	0	0	0	0	0	0	0	0	0	0	0	0	0
seq1517	0	1	0	0	0	0	0	0	0	0	0	0	0	0	0	0	0
seq1518	0	0	1	0	0	0	0	0	0	0	0	0	0	0	0	0	0
seq1519	0	0	2	0	0	0	0	0	0	0	0	0	0	0	0	0	0
seq1520	0	0	0	3	0	0	0	0	0	0	0	0	0	0	0	0	0
seq1521	0	0	0	3	0	0	0	0	0	0	0	0	0	0	0	0	0
seq1522	0	0	0	1	0	0	0	0	0	0	0	0	0	0	0	0	0
seq1523	0	0	0	0	1	0	0	0	0	0	0	0	0	0	0	0	0
seq1524	0	0	0	0	2	0	0	0	0	0	0	0	0	0	0	0	0
seq1525	0	0	0	0	1	0	0	0	0	0	0	0	0	0	0	0	0
seq1532	0	0	0	0	0	3	0	0	0	0	0	0	0	0	0	0	0
seq1533	0	0	0	0	0	3	0	0	0	0	0	0	0	0	0	0	0
seq1534	0	0	0	0	0	1	0	0	0	0	0	0	0	0	0	0	0
seq1535	0	0	0	0	0	2	0	0	0	0	0	0	0	0	0	0	0
seq1539	0	0	0	0	0	0	3	0	0	0	0	0	0	0	0	0	0
seq1540	0	0	0	0	0	0	2	0	0	0	0	0	0	0	0	0	0
seq1541	0	0	0	0	0	0	2	0	0	0	0	0	0	0	0	0	0
seq1542	0	0	0	0	0	0	0	1	0	0	0	0	0	0	0	0	0
seq1543	0	0	0	0	0	0	0	1	0	0	0	0	0	0	0	0	0
seq1546	0	0	0	0	0	0	0	0	2	0	0	0	0	0	0	0	0
seq1547	0	0	0	0	0	0	0	0	2	0	0	0	0	0	0	0	0
seq1548	0	0	0	0	0	0	0	0	3	0	0	0	0	0	0	0	0
seq1549	0	0	0	0	0	0	0	0	0	1	0	0	0	0	0	0	0
seq1550	0	0	0	0	0	0	0	0	0	3	0	0	0	0	0	0	0
seq1551	0	0	0	0	0	0	0	0	0	1	0	0	0	0	0	0	0
seq1552	0	0	0	0	0	0	0	0	0	2	0	0	0	0	0	0	0
seq1553	0	0	0	0	0	0	0	0	0	1	0	0	0	0	0	0	0
seq1554	0	0	0	0	0	0	0	0	0	3	0	0	0	0	0	0	0
seq1555	0	0	0	0	0	0	0	0	0	3	0	0	0	0	0	0	0
seq1556	0	0	0	0	0	0	0	0	0	2	0	0	0	0	0	0	0
seq1557	0	0	0	0	0	0	0	0	0	0	2	0	0	0	0	0	0
seq1558	0	0	0	0	0	0	0	0	0	0	2	0	0	0	0	0	0
seq1559	0	0	0	0	0	0	0	0	0	0	3	0	0	0	0	0	0
seq1560	0	0	0	0	0	0	0	0	0	0	2	0	0	0	0	0	0
seq1562	0	0	0	0	0	0	0	0	0	0	0	1	0	0	0	0	0
seq1563	0	0	0	0	0	0	0	0	0	0	0	2	0	0	0	0	0
seq1564	0	0	0	0	0	0	0	0	0	0	0	0	1	0	0	0	0
seq1565	0	0	0	0	0	0	0	0	0	0	0	0	1	0	0	0	0
seq1569	0	0	0	0	0	0	0	0	0	0	0	0	0	0	3	0	0
seq1570	0	0	0	0	0	0	0	0	0	0	0	0	0	0	1	0	0
seq1571	0	0	0	0	0	0	0	0	0	0	0	0	0	0	1	0	0
seq1572	0	0	0	0	0	0	0	0	0	0	0	0	0	0	0	3	0
seq1573	0	0	0	0	0	0	0	0	0	0	0	0	0	0	0	3	0
seq1574	0	0	0	0	0	0	0	0	0	0	0	0	0	0	0	0	1
seq1575	0	0	0	0	0	0	0	0	0	0	0	0	0	0	0	0	2
seq1581	2	0	0	0	0	0	0	0	0	0	0	0	0	0	0	0	0
seq1591	0	1	0	0	0	0	0	0	0	0	0	0	0	0	0	0	0
seq1592	0	1	0	0	0	0	0	0	0	0	0	0	0	0	0	0	0
seq1593	0	0	1	0	0	0	0	0	0	0	0	0	0	0	0	0	0
seq1596	0	0	0	0	2	0	0	0	0	0	0	0	0	0	0	0	0
seq1597	0	0	0	0	1	0	0	0	0	0	0	0	0	0	0	0	0
seq1598	0	0	0	0	2	0	0	0	0	0	0	0	0	0	0	0	0
seq1599	0	0	0	0	1	0	0	0	0	0	0	0	0	0	0	0	0
seq1605	0	0	0	0	0	1	0	0	0	0	0	0	0	0	0	0	0
seq1606	0	0	0	0	0	1	0	0	0	0	0	0	0	0	0	0	0
seq1607	0	0	0	0	0	1	0	0	0	0	0	0	0	0	0	0	0
seq1608	0	0	0	0	0	1	0	0	0	0	0	0	0	0	0	0	0
seq1613	0	0	0	0	0	0	1	0	0	0	0	0	0	0	0	0	0
seq1614	0	0	0	0	0	0	2	0	0	0	0	0	0	0	0	0	0
seq1615	0	0	0	0	0	0	1	0	0	0	0	0	0	0	0	0	0
seq1618	0	0	0	0	0	0	0	1	0	0	0	0	0	0	0	0	0
seq1619	0	0	0	0	0	0	0	1	0	0	0	0	0	0	0	0	0
seq1620	0	0	0	0	0	0	0	1	0	0	0	0	0	0	0	0	0
seq1625	0	0	0	0	0	0	0	0	0	1	0	0	0	0	0	0	0
seq1627	0	0	0	0	0	0	0	0	0	1	0	0	0	0	0	0	0
seq1629	0	0	0	0	0	0	0	0	0	1	0	0	0	0	0	0	0
seq1630	0	0	0	0	0	0	0	0	0	1	0	0	0	0	0	0	0
seq1632	0	0	0	0	0	0	0	0	0	1	0	0	0	0	0	0	0
seq1633	0	0	0	0	0	0	0	0	0	0	1	0	0	0	0	0	0
seq1637	0	0	0	0	0	0	0	0	0	0	0	2	0	0	0	0	0
seq1638	0	0	0	0	0	0	0	0	0	0	0	1	0	0	0	0	0
seq1639	0	0	0	0	0	0	0	0	0	0	0	0	2	0	0	0	0
seq1640	0	0	0	0	0	0	0	0	0	0	0	0	1	0	0	0	0
seq1641	0	0	0	0	0	0	0	0	0	0	0	0	1	0	0	0	0
seq1643	0	0	0	0	0	0	0	0	0	0	0	0	1	0	0	0	0
seq1644	0	0	0	0	0	0	0	0	0	0	0	0	0	2	0	0	0
seq1645	0	0	0	0	0	0	0	0	0	0	0	0	0	0	1	0	0
seq1646	0	0	0	0	0	0	0	0	0	0	0	0	0	0	2	0	0
seq1647	0	0	0	0	0	0	0	0	0	0	0	0	0	0	2	0	0
seq1648	0	0	0	0	0	0	0	0	0	0	0	0	0	0	1	0	0
seq1651	0	0	0	0	0	0	0	0	0	0	0	0	0	0	1	0	0
seq1655	0	0	0	0	0	0	0	0	0	0	0	0	0	0	0	2	0
seq1656	0	0	0	0	0	0	0	0	0	0	0	0	0	0	0	2	0
seq1657	0	0	0	0	0	0	0	0	0	0	0	0	0	0	0	2	0
seq1658	0	0	0	0	0	0	0	0	0	0	0	0	0	0	0	2	0
seq1659	0	0	0	0	0	0	0	0	0	0	0	0	0	0	0	2	0
seq1660	0	0	0	0	0	0	0	0	0	0	0	0	0	0	0	0	1
